0 0 5
0 1 5
0 2 5
0 3 5
0 4 5
0 5 5
0 6 5
0 7 5
0 8 5
0 9 5
0 10 5
0 11 5
0 12 5
0 13 5
0 14 5
0 15 5
0 16 5
0 17 5
0 18 5
0 19 5
0 20 5
0 21 5
0 22 5
0 23 5
0 24 5
0 25 5
0 26 5
0 27 5
0 28 5
0 29 5
0 30 5
0 31 5
0 32 5
0 33 5
0 34 5
0 35 5
0 36 5
0 37 5
0 38 5
0 39 5
0 40 5
0 41 5
0 42 5
0 43 5
0 44 5
0 45 5
0 46 5
0 47 5
0 48 5
0 49 5
0 50 5
0 51 5
0 52 5
0 53 5
0 54 5
0 55 5
0 56 5
0 57 5
0 58 5
0 59 5
0 60 5
0 61 5
0 62 5
0 63 5
0 64 5
0 65 5
0 66 5
0 67 5
0 68 5
0 69 5
0 70 5
0 71 5
0 72 5
0 73 5
0 74 5
0 75 5
0 76 5
0 77 5
0 78 5
0 79 5
0 80 5
0 81 5
0 82 5
0 83 5
0 84 5
0 85 5
0 86 5
0 87 5
0 88 5
0 89 5
0 90 5
0 91 5
0 92 5
0 93 5
0 94 5
0 95 5
0 96 5
0 97 5
0 98 5
0 99 5
0 100 5
0 101 5
0 102 5
0 103 -10
0 104 -10
0 105 -10
0 106 -10
0 107 -10
0 108 -10
0 109 -10
0 110 -10
0 111 -10
0 112 -10
0 113 -10
0 114 -10
0 115 -10
0 116 -10
0 117 -10
0 118 -10
0 119 -10
0 120 -10
0 121 -10
0 122 -10
0 123 -10
0 124 -10
0 125 -10
0 126 -10
0 127 -10
0 128 -10
0 129 -10
0 130 -10
0 131 -10
0 132 -10
0 133 5
0 134 5
0 135 5
0 136 5
0 137 5
0 138 5
0 139 5
0 140 5
0 141 5
0 142 5
0 143 5
0 144 5
0 145 5
0 146 5
0 147 5
0 148 5
0 149 5
0 150 5
0 151 5
0 152 5
0 153 5
0 154 5
0 155 5
0 156 5
0 157 5
0 158 5
0 159 5
0 160 5
0 161 5
0 162 5
0 163 5
0 164 5
0 165 5
0 166 5
0 167 5
0 168 5
0 169 5
0 170 5
0 171 5
0 172 5
0 173 5
0 174 5
0 175 5
0 176 5
0 177 5
0 178 5
0 179 5
1 0 5
1 1 5
1 2 5
1 3 5
1 4 5
1 5 5
1 6 5
1 7 5
1 8 5
1 9 5
1 10 5
1 11 5
1 12 5
1 13 5
1 14 5
1 15 5
1 16 5
1 17 5
1 18 5
1 19 5
1 20 5
1 21 5
1 22 5
1 23 5
1 24 5
1 25 5
1 26 5
1 27 5
1 28 5
1 29 5
1 30 5
1 31 5
1 32 5
1 33 5
1 34 5
1 35 5
1 36 5
1 37 5
1 38 5
1 39 5
1 40 5
1 41 5
1 42 5
1 43 5
1 44 5
1 45 5
1 46 5
1 47 5
1 48 5
1 49 5
1 50 5
1 51 5
1 52 5
1 53 5
1 54 5
1 55 5
1 56 5
1 57 5
1 58 -10
1 59 -10
1 60 -10
1 61 -10
1 62 -10
1 63 -10
1 64 -10
1 65 -10
1 66 -10
1 67 -10
1 68 -10
1 69 -10
1 70 -10
1 71 -10
1 72 -10
1 73 -10
1 74 -10
1 75 -10
1 76 -10
1 77 -10
1 78 -10
1 79 -10
1 80 -10
1 81 -10
1 82 -10
1 83 -10
1 84 -10
1 85 -10
1 86 -10
1 87 -10
1 88 5
1 89 5
1 90 5
1 91 5
1 92 5
1 93 5
1 94 5
1 95 5
1 96 5
1 97 5
1 98 5
1 99 5
1 100 5
1 101 5
1 102 5
1 103 5
1 104 5
1 105 5
1 106 5
1 107 5
1 108 5
1 109 5
1 110 5
1 111 5
1 112 5
1 113 5
1 114 5
1 115 5
1 116 5
1 117 5
1 118 5
1 119 5
1 120 5
1 121 5
1 122 5
1 123 5
1 124 5
1 125 5
1 126 5
1 127 5
1 128 5
1 129 5
1 130 5
1 131 5
1 132 5
1 133 5
1 134 5
1 135 5
1 136 5
1 137 5
1 138 5
1 139 5
1 140 5
1 141 5
1 142 5
1 143 5
1 144 5
1 145 5
1 146 5
1 147 5
1 148 5
1 149 5
1 150 5
1 151 5
1 152 5
1 153 5
1 154 5
1 155 5
1 156 5
1 157 5
1 158 5
1 159 5
1 160 5
1 161 5
1 162 5
1 163 5
1 164 5
1 165 5
1 166 5
1 167 5
1 168 5
1 169 5
1 170 5
1 171 5
1 172 5
1 173 5
1 174 5
1 175 5
1 176 5
1 177 5
1 178 5
1 179 5
2 0 5
2 1 5
2 2 5
2 3 5
2 4 5
2 5 5
2 6 5
2 7 5
2 8 5
2 9 5
2 10 5
2 11 5
2 12 5
2 13 5
2 14 5
2 15 5
2 16 5
2 17 5
2 18 5
2 19 5
2 20 5
2 21 5
2 22 5
2 23 5
2 24 5
2 25 5
2 26 5
2 27 5
2 28 5
2 29 5
2 30 5
2 31 5
2 32 5
2 33 5
2 34 5
2 35 5
2 36 5
2 37 5
2 38 5
2 39 5
2 40 5
2 41 5
2 42 5
2 43 5
2 44 5
2 45 5
2 46 5
2 47 5
2 48 5
2 49 5
2 50 5
2 51 5
2 52 5
2 53 5
2 54 5
2 55 5
2 56 5
2 57 5
2 58 5
2 59 5
2 60 5
2 61 5
2 62 5
2 63 5
2 64 5
2 65 5
2 66 5
2 67 5
2 68 5
2 69 5
2 70 5
2 71 5
2 72 5
2 73 5
2 74 5
2 75 5
2 76 5
2 77 5
2 78 5
2 79 5
2 80 5
2 81 5
2 82 5
2 83 5
2 84 5
2 85 5
2 86 5
2 87 5
2 88 5
2 89 5
2 90 5
2 91 5
2 92 5
2 93 5
2 94 5
2 95 5
2 96 5
2 97 5
2 98 5
2 99 5
2 100 5
2 101 5
2 102 5
2 103 5
2 104 5
2 105 5
2 106 5
2 107 5
2 108 5
2 109 5
2 110 5
2 111 5
2 112 5
2 113 5
2 114 5
2 115 5
2 116 5
2 117 -10
2 118 -10
2 119 -10
2 120 -10
2 121 -10
2 122 -10
2 123 -10
2 124 -10
2 125 -10
2 126 -10
2 127 -10
2 128 -10
2 129 -10
2 130 -10
2 131 -10
2 132 -10
2 133 -10
2 134 -10
2 135 -10
2 136 -10
2 137 -10
2 138 -10
2 139 -10
2 140 -10
2 141 -10
2 142 -10
2 143 -10
2 144 -10
2 145 -10
2 146 -10
2 147 5
2 148 5
2 149 5
2 150 5
2 151 5
2 152 5
2 153 5
2 154 5
2 155 5
2 156 5
2 157 5
2 158 5
2 159 5
2 160 5
2 161 5
2 162 5
2 163 5
2 164 5
2 165 5
2 166 5
2 167 5
2 168 5
2 169 5
2 170 5
2 171 5
2 172 5
2 173 5
2 174 5
2 175 5
2 176 5
2 177 5
2 178 5
2 179 5
3 0 5
3 1 5
3 2 5
3 3 5
3 4 5
3 5 5
3 6 5
3 7 5
3 8 5
3 9 5
3 10 5
3 11 5
3 12 5
3 13 5
3 14 5
3 15 5
3 16 5
3 17 5
3 18 5
3 19 5
3 20 5
3 21 5
3 22 5
3 23 5
3 24 5
3 25 5
3 26 5
3 27 5
3 28 5
3 29 5
3 30 5
3 31 5
3 32 5
3 33 5
3 34 5
3 35 5
3 36 5
3 37 5
3 38 5
3 39 5
3 40 5
3 41 5
3 42 5
3 43 5
3 44 5
3 45 5
3 46 5
3 47 5
3 48 5
3 49 5
3 50 5
3 51 5
3 52 5
3 53 5
3 54 5
3 55 5
3 56 5
3 57 5
3 58 5
3 59 5
3 60 5
3 61 5
3 62 5
3 63 5
3 64 5
3 65 5
3 66 5
3 67 5
3 68 5
3 69 5
3 70 5
3 71 5
3 72 5
3 73 5
3 74 5
3 75 5
3 76 5
3 77 5
3 78 5
3 79 5
3 80 5
3 81 5
3 82 5
3 83 5
3 84 5
3 85 5
3 86 5
3 87 5
3 88 5
3 89 5
3 90 5
3 91 5
3 92 5
3 93 5
3 94 5
3 95 5
3 96 5
3 97 5
3 98 5
3 99 5
3 100 5
3 101 5
3 102 5
3 103 5
3 104 5
3 105 5
3 106 5
3 107 5
3 108 5
3 109 5
3 110 5
3 111 5
3 112 5
3 113 5
3 114 5
3 115 5
3 116 5
3 117 5
3 118 5
3 119 5
3 120 5
3 121 5
3 122 5
3 123 5
3 124 5
3 125 5
3 126 5
3 127 5
3 128 5
3 129 5
3 130 5
3 131 5
3 132 5
3 133 5
3 134 5
3 135 5
3 136 5
3 137 5
3 138 5
3 139 5
3 140 5
3 141 5
3 142 5
3 143 5
3 144 5
3 145 5
3 146 5
3 147 5
3 148 5
3 149 5
3 150 5
3 151 5
3 152 5
3 153 5
3 154 5
3 155 5
3 156 5
3 157 5
3 158 5
3 159 5
3 160 5
3 161 5
3 162 5
3 163 5
3 164 5
3 165 5
3 166 5
3 167 5
3 168 5
3 169 5
3 170 5
3 171 5
3 172 5
3 173 5
3 174 5
3 175 5
3 176 5
3 177 5
3 178 5
3 179 5
4 0 5
4 1 5
4 2 5
4 3 5
4 4 5
4 5 5
4 6 5
4 7 5
4 8 5
4 9 5
4 10 5
4 11 5
4 12 5
4 13 5
4 14 5
4 15 5
4 16 5
4 17 5
4 18 5
4 19 5
4 20 5
4 21 5
4 22 5
4 23 5
4 24 5
4 25 5
4 26 5
4 27 5
4 28 5
4 29 5
4 30 5
4 31 5
4 32 5
4 33 5
4 34 5
4 35 5
4 36 5
4 37 5
4 38 -1
4 39 5
4 40 5
4 41 5
4 42 5
4 43 5
4 44 5
4 45 5
4 46 5
4 47 5
4 48 5
4 49 5
4 50 5
4 51 5
4 52 5
4 53 5
4 54 5
4 55 5
4 56 5
4 57 5
4 58 5
4 59 5
4 60 5
4 61 5
4 62 5
4 63 5
4 64 5
4 65 5
4 66 5
4 67 5
4 68 5
4 69 5
4 70 5
4 71 5
4 72 5
4 73 5
4 74 5
4 75 5
4 76 5
4 77 5
4 78 5
4 79 5
4 80 5
4 81 5
4 82 5
4 83 5
4 84 5
4 85 5
4 86 5
4 87 5
4 88 5
4 89 5
4 90 5
4 91 5
4 92 5
4 93 5
4 94 5
4 95 5
4 96 5
4 97 5
4 98 5
4 99 5
4 100 5
4 101 5
4 102 5
4 103 5
4 104 5
4 105 5
4 106 5
4 107 5
4 108 5
4 109 5
4 110 5
4 111 5
4 112 5
4 113 5
4 114 5
4 115 5
4 116 5
4 117 5
4 118 5
4 119 5
4 120 5
4 121 5
4 122 5
4 123 5
4 124 5
4 125 5
4 126 5
4 127 5
4 128 5
4 129 5
4 130 5
4 131 5
4 132 5
4 133 5
4 134 5
4 135 5
4 136 5
4 137 5
4 138 5
4 139 5
4 140 5
4 141 5
4 142 5
4 143 5
4 144 5
4 145 5
4 146 5
4 147 5
4 148 5
4 149 5
4 150 5
4 151 5
4 152 5
4 153 5
4 154 5
4 155 5
4 156 5
4 157 5
4 158 5
4 159 5
4 160 5
4 161 5
4 162 5
4 163 5
4 164 5
4 165 5
4 166 5
4 167 5
4 168 5
4 169 5
4 170 5
4 171 5
4 172 5
4 173 5
4 174 5
4 175 5
4 176 5
4 177 5
4 178 5
4 179 5
5 0 5
5 1 5
5 2 5
5 3 5
5 4 5
5 5 5
5 6 5
5 7 5
5 8 5
5 9 5
5 10 5
5 11 5
5 12 5
5 13 5
5 14 5
5 15 5
5 16 5
5 17 5
5 18 5
5 19 5
5 20 5
5 21 5
5 22 5
5 23 5
5 24 5
5 25 5
5 26 5
5 27 5
5 28 5
5 29 5
5 30 5
5 31 5
5 32 5
5 33 5
5 34 5
5 35 5
5 36 -10
5 37 -10
5 38 -10
5 39 -10
5 40 -10
5 41 -10
5 42 -10
5 43 -10
5 44 -10
5 45 -10
5 46 -10
5 47 -10
5 48 -10
5 49 -10
5 50 -10
5 51 5
5 52 5
5 53 5
5 54 5
5 55 5
5 56 5
5 57 5
5 58 5
5 59 5
5 60 5
5 61 -10
5 62 -10
5 63 -10
5 64 -10
5 65 -10
5 66 -10
5 67 -10
5 68 -10
5 69 -10
5 70 -10
5 71 5
5 72 5
5 73 5
5 74 5
5 75 5
5 76 5
5 77 5
5 78 5
5 79 5
5 80 5
5 81 5
5 82 5
5 83 5
5 84 5
5 85 5
5 86 5
5 87 5
5 88 5
5 89 5
5 90 5
5 91 5
5 92 5
5 93 5
5 94 5
5 95 5
5 96 5
5 97 5
5 98 5
5 99 5
5 100 5
5 101 5
5 102 5
5 103 5
5 104 5
5 105 5
5 106 5
5 107 5
5 108 5
5 109 5
5 110 5
5 111 5
5 112 5
5 113 5
5 114 5
5 115 5
5 116 5
5 117 5
5 118 5
5 119 5
5 120 5
5 121 5
5 122 5
5 123 5
5 124 5
5 125 5
5 126 5
5 127 5
5 128 5
5 129 5
5 130 5
5 131 5
5 132 5
5 133 5
5 134 5
5 135 5
5 136 5
5 137 5
5 138 5
5 139 5
5 140 5
5 141 5
5 142 5
5 143 5
5 144 5
5 145 5
5 146 5
5 147 5
5 148 5
5 149 5
5 150 5
5 151 5
5 152 5
5 153 5
5 154 5
5 155 5
5 156 5
5 157 5
5 158 5
5 159 5
5 160 5
5 161 5
5 162 5
5 163 5
5 164 5
5 165 5
5 166 5
5 167 5
5 168 5
5 169 5
5 170 5
5 171 5
5 172 -10
5 173 -10
5 174 -10
5 175 -10
5 176 -10
5 177 5
5 178 5
5 179 5
6 0 5
6 1 5
6 2 5
6 3 5
6 4 5
6 5 5
6 6 5
6 7 5
6 8 5
6 9 5
6 10 5
6 11 5
6 12 5
6 13 5
6 14 5
6 15 5
6 16 5
6 17 5
6 18 5
6 19 5
6 20 5
6 21 5
6 22 5
6 23 5
6 24 5
6 25 5
6 26 5
6 27 5
6 28 5
6 29 5
6 30 5
6 31 5
6 32 5
6 33 5
6 34 5
6 35 5
6 36 5
6 37 5
6 38 5
6 39 5
6 40 5
6 41 5
6 42 5
6 43 5
6 44 5
6 45 5
6 46 5
6 47 5
6 48 5
6 49 5
6 50 5
6 51 5
6 52 5
6 53 5
6 54 5
6 55 5
6 56 5
6 57 5
6 58 5
6 59 5
6 60 5
6 61 5
6 62 5
6 63 5
6 64 5
6 65 5
6 66 5
6 67 5
6 68 5
6 69 5
6 70 5
6 71 5
6 72 5
6 73 5
6 74 5
6 75 5
6 76 5
6 77 5
6 78 5
6 79 5
6 80 5
6 81 5
6 82 5
6 83 5
6 84 5
6 85 5
6 86 5
6 87 5
6 88 5
6 89 5
6 90 5
6 91 5
6 92 5
6 93 5
6 94 5
6 95 5
6 96 5
6 97 5
6 98 5
6 99 5
6 100 5
6 101 5
6 102 5
6 103 5
6 104 5
6 105 5
6 106 5
6 107 5
6 108 5
6 109 5
6 110 5
6 111 5
6 112 5
6 113 5
6 114 5
6 115 5
6 116 -1
6 117 5
6 118 5
6 119 5
6 120 5
6 121 5
6 122 5
6 123 5
6 124 5
6 125 5
6 126 5
6 127 5
6 128 5
6 129 5
6 130 5
6 131 5
6 132 5
6 133 5
6 134 5
6 135 5
6 136 5
6 137 5
6 138 5
6 139 5
6 140 5
6 141 5
6 142 5
6 143 5
6 144 5
6 145 5
6 146 5
6 147 5
6 148 5
6 149 5
6 150 5
6 151 5
6 152 5
6 153 5
6 154 5
6 155 5
6 156 5
6 157 5
6 158 5
6 159 5
6 160 5
6 161 5
6 162 5
6 163 5
6 164 5
6 165 5
6 166 5
6 167 5
6 168 5
6 169 5
6 170 5
6 171 5
6 172 5
6 173 5
6 174 5
6 175 5
6 176 5
6 177 5
6 178 5
6 179 5
7 0 5
7 1 5
7 2 5
7 3 5
7 4 5
7 5 5
7 6 5
7 7 5
7 8 5
7 9 5
7 10 5
7 11 5
7 12 5
7 13 5
7 14 5
7 15 5
7 16 5
7 17 5
7 18 5
7 19 5
7 20 5
7 21 5
7 22 5
7 23 5
7 24 5
7 25 5
7 26 5
7 27 5
7 28 5
7 29 5
7 30 5
7 31 5
7 32 5
7 33 5
7 34 5
7 35 5
7 36 5
7 37 5
7 38 5
7 39 5
7 40 5
7 41 5
7 42 5
7 43 5
7 44 5
7 45 5
7 46 5
7 47 5
7 48 5
7 49 5
7 50 5
7 51 5
7 52 5
7 53 5
7 54 5
7 55 5
7 56 5
7 57 5
7 58 5
7 59 5
7 60 5
7 61 5
7 62 5
7 63 5
7 64 5
7 65 5
7 66 5
7 67 5
7 68 5
7 69 5
7 70 5
7 71 5
7 72 5
7 73 5
7 74 5
7 75 5
7 76 5
7 77 5
7 78 5
7 79 5
7 80 5
7 81 5
7 82 5
7 83 5
7 84 5
7 85 5
7 86 5
7 87 5
7 88 5
7 89 5
7 90 5
7 91 5
7 92 5
7 93 5
7 94 5
7 95 5
7 96 5
7 97 5
7 98 5
7 99 5
7 100 5
7 101 5
7 102 5
7 103 5
7 104 5
7 105 5
7 106 5
7 107 5
7 108 5
7 109 5
7 110 5
7 111 5
7 112 5
7 113 5
7 114 5
7 115 5
7 116 5
7 117 5
7 118 5
7 119 5
7 120 5
7 121 5
7 122 5
7 123 5
7 124 5
7 125 5
7 126 5
7 127 5
7 128 5
7 129 5
7 130 5
7 131 5
7 132 5
7 133 5
7 134 5
7 135 5
7 136 5
7 137 5
7 138 5
7 139 5
7 140 5
7 141 5
7 142 5
7 143 5
7 144 5
7 145 5
7 146 5
7 147 5
7 148 5
7 149 5
7 150 5
7 151 5
7 152 5
7 153 5
7 154 5
7 155 5
7 156 5
7 157 5
7 158 5
7 159 5
7 160 5
7 161 5
7 162 5
7 163 5
7 164 5
7 165 5
7 166 5
7 167 5
7 168 5
7 169 5
7 170 5
7 171 5
7 172 5
7 173 5
7 174 5
7 175 5
7 176 5
7 177 5
7 178 5
7 179 5
8 0 5
8 1 5
8 2 5
8 3 5
8 4 5
8 5 5
8 6 5
8 7 5
8 8 5
8 9 5
8 10 5
8 11 5
8 12 5
8 13 5
8 14 5
8 15 5
8 16 5
8 17 5
8 18 5
8 19 5
8 20 5
8 21 5
8 22 5
8 23 5
8 24 5
8 25 5
8 26 -10
8 27 -10
8 28 -10
8 29 -10
8 30 -10
8 31 -10
8 32 -10
8 33 -10
8 34 -10
8 35 -10
8 36 -10
8 37 -10
8 38 -10
8 39 -10
8 40 -10
8 41 5
8 42 5
8 43 5
8 44 5
8 45 5
8 46 5
8 47 5
8 48 5
8 49 5
8 50 5
8 51 5
8 52 5
8 53 5
8 54 5
8 55 5
8 56 5
8 57 5
8 58 5
8 59 5
8 60 5
8 61 5
8 62 5
8 63 5
8 64 5
8 65 5
8 66 5
8 67 5
8 68 5
8 69 5
8 70 5
8 71 5
8 72 5
8 73 5
8 74 5
8 75 5
8 76 5
8 77 5
8 78 5
8 79 5
8 80 5
8 81 5
8 82 5
8 83 5
8 84 5
8 85 5
8 86 5
8 87 5
8 88 5
8 89 5
8 90 5
8 91 5
8 92 5
8 93 5
8 94 5
8 95 5
8 96 5
8 97 5
8 98 5
8 99 5
8 100 5
8 101 5
8 102 5
8 103 5
8 104 5
8 105 5
8 106 5
8 107 5
8 108 5
8 109 5
8 110 5
8 111 5
8 112 5
8 113 5
8 114 5
8 115 5
8 116 5
8 117 5
8 118 5
8 119 5
8 120 5
8 121 5
8 122 5
8 123 5
8 124 5
8 125 5
8 126 5
8 127 5
8 128 5
8 129 5
8 130 5
8 131 -10
8 132 -10
8 133 -10
8 134 -10
8 135 -10
8 136 -10
8 137 -10
8 138 -10
8 139 -10
8 140 -10
8 141 -10
8 142 -10
8 143 -10
8 144 -10
8 145 -10
8 146 5
8 147 5
8 148 5
8 149 5
8 150 5
8 151 5
8 152 5
8 153 5
8 154 5
8 155 5
8 156 5
8 157 5
8 158 5
8 159 5
8 160 5
8 161 5
8 162 5
8 163 5
8 164 5
8 165 5
8 166 5
8 167 5
8 168 5
8 169 5
8 170 5
8 171 5
8 172 5
8 173 5
8 174 5
8 175 5
8 176 5
8 177 5
8 178 5
8 179 5
9 0 5
9 1 5
9 2 5
9 3 5
9 4 5
9 5 5
9 6 5
9 7 5
9 8 5
9 9 5
9 10 5
9 11 5
9 12 5
9 13 5
9 14 5
9 15 5
9 16 5
9 17 5
9 18 5
9 19 5
9 20 5
9 21 5
9 22 5
9 23 5
9 24 5
9 25 5
9 26 5
9 27 5
9 28 5
9 29 5
9 30 5
9 31 5
9 32 5
9 33 5
9 34 5
9 35 5
9 36 5
9 37 5
9 38 5
9 39 5
9 40 5
9 41 5
9 42 5
9 43 5
9 44 5
9 45 5
9 46 5
9 47 -1
9 48 5
9 49 5
9 50 5
9 51 5
9 52 5
9 53 5
9 54 5
9 55 5
9 56 5
9 57 5
9 58 5
9 59 5
9 60 5
9 61 5
9 62 5
9 63 5
9 64 5
9 65 5
9 66 5
9 67 5
9 68 5
9 69 5
9 70 5
9 71 5
9 72 5
9 73 5
9 74 5
9 75 5
9 76 5
9 77 5
9 78 5
9 79 5
9 80 5
9 81 5
9 82 5
9 83 5
9 84 5
9 85 5
9 86 5
9 87 5
9 88 5
9 89 5
9 90 5
9 91 5
9 92 5
9 93 5
9 94 5
9 95 5
9 96 5
9 97 5
9 98 5
9 99 5
9 100 5
9 101 5
9 102 5
9 103 5
9 104 5
9 105 5
9 106 5
9 107 5
9 108 5
9 109 5
9 110 5
9 111 5
9 112 5
9 113 5
9 114 5
9 115 5
9 116 5
9 117 5
9 118 5
9 119 5
9 120 5
9 121 5
9 122 5
9 123 5
9 124 5
9 125 5
9 126 5
9 127 5
9 128 5
9 129 5
9 130 5
9 131 5
9 132 5
9 133 5
9 134 5
9 135 5
9 136 5
9 137 5
9 138 5
9 139 5
9 140 5
9 141 5
9 142 5
9 143 5
9 144 5
9 145 5
9 146 5
9 147 5
9 148 5
9 149 5
9 150 5
9 151 5
9 152 5
9 153 5
9 154 5
9 155 5
9 156 5
9 157 5
9 158 5
9 159 5
9 160 5
9 161 5
9 162 5
9 163 5
9 164 5
9 165 5
9 166 5
9 167 5
9 168 5
9 169 5
9 170 5
9 171 5
9 172 5
9 173 5
9 174 5
9 175 5
9 176 5
9 177 5
9 178 5
9 179 5
10 0 5
10 1 5
10 2 5
10 3 5
10 4 5
10 5 5
10 6 5
10 7 5
10 8 5
10 9 5
10 10 5
10 11 5
10 12 5
10 13 5
10 14 5
10 15 5
10 16 5
10 17 5
10 18 5
10 19 5
10 20 5
10 21 5
10 22 5
10 23 5
10 24 5
10 25 5
10 26 5
10 27 5
10 28 5
10 29 5
10 30 5
10 31 5
10 32 5
10 33 5
10 34 5
10 35 5
10 36 5
10 37 5
10 38 5
10 39 5
10 40 5
10 41 5
10 42 5
10 43 5
10 44 5
10 45 5
10 46 5
10 47 5
10 48 5
10 49 5
10 50 5
10 51 5
10 52 5
10 53 5
10 54 5
10 55 5
10 56 5
10 57 5
10 58 5
10 59 5
10 60 5
10 61 5
10 62 5
10 63 5
10 64 5
10 65 5
10 66 5
10 67 5
10 68 5
10 69 5
10 70 5
10 71 5
10 72 5
10 73 5
10 74 5
10 75 5
10 76 5
10 77 5
10 78 5
10 79 5
10 80 5
10 81 5
10 82 5
10 83 5
10 84 5
10 85 5
10 86 5
10 87 5
10 88 5
10 89 5
10 90 5
10 91 5
10 92 5
10 93 5
10 94 5
10 95 5
10 96 5
10 97 5
10 98 5
10 99 5
10 100 5
10 101 5
10 102 5
10 103 5
10 104 5
10 105 5
10 106 5
10 107 5
10 108 5
10 109 5
10 110 5
10 111 5
10 112 5
10 113 5
10 114 5
10 115 5
10 116 5
10 117 5
10 118 5
10 119 5
10 120 5
10 121 5
10 122 5
10 123 5
10 124 5
10 125 5
10 126 5
10 127 5
10 128 5
10 129 5
10 130 5
10 131 5
10 132 5
10 133 5
10 134 5
10 135 5
10 136 5
10 137 5
10 138 5
10 139 5
10 140 5
10 141 5
10 142 5
10 143 5
10 144 5
10 145 5
10 146 5
10 147 5
10 148 5
10 149 5
10 150 5
10 151 5
10 152 5
10 153 5
10 154 5
10 155 5
10 156 5
10 157 5
10 158 5
10 159 5
10 160 5
10 161 5
10 162 5
10 163 5
10 164 5
10 165 5
10 166 5
10 167 5
10 168 5
10 169 5
10 170 5
10 171 5
10 172 5
10 173 5
10 174 5
10 175 5
10 176 5
10 177 5
10 178 5
10 179 5
11 0 5
11 1 5
11 2 5
11 3 5
11 4 5
11 5 5
11 6 5
11 7 5
11 8 5
11 9 5
11 10 5
11 11 5
11 12 5
11 13 5
11 14 5
11 15 5
11 16 5
11 17 5
11 18 5
11 19 5
11 20 5
11 21 5
11 22 5
11 23 5
11 24 5
11 25 5
11 26 5
11 27 5
11 28 5
11 29 5
11 30 5
11 31 5
11 32 5
11 33 5
11 34 5
11 35 5
11 36 5
11 37 5
11 38 5
11 39 5
11 40 5
11 41 5
11 42 5
11 43 5
11 44 5
11 45 5
11 46 5
11 47 5
11 48 5
11 49 5
11 50 5
11 51 5
11 52 5
11 53 5
11 54 5
11 55 5
11 56 5
11 57 5
11 58 5
11 59 5
11 60 5
11 61 5
11 62 5
11 63 5
11 64 5
11 65 5
11 66 5
11 67 5
11 68 5
11 69 5
11 70 5
11 71 5
11 72 5
11 73 5
11 74 5
11 75 5
11 76 5
11 77 5
11 78 5
11 79 5
11 80 5
11 81 5
11 82 5
11 83 5
11 84 5
11 85 5
11 86 5
11 87 5
11 88 5
11 89 5
11 90 5
11 91 5
11 92 5
11 93 5
11 94 5
11 95 5
11 96 5
11 97 5
11 98 5
11 99 5
11 100 5
11 101 5
11 102 5
11 103 5
11 104 5
11 105 5
11 106 5
11 107 5
11 108 5
11 109 5
11 110 5
11 111 5
11 112 5
11 113 5
11 114 5
11 115 5
11 116 5
11 117 5
11 118 5
11 119 5
11 120 5
11 121 5
11 122 5
11 123 5
11 124 5
11 125 5
11 126 5
11 127 5
11 128 5
11 129 5
11 130 5
11 131 5
11 132 5
11 133 5
11 134 5
11 135 5
11 136 5
11 137 5
11 138 5
11 139 5
11 140 5
11 141 5
11 142 5
11 143 5
11 144 5
11 145 5
11 146 5
11 147 5
11 148 5
11 149 5
11 150 5
11 151 5
11 152 5
11 153 5
11 154 5
11 155 5
11 156 5
11 157 5
11 158 5
11 159 5
11 160 5
11 161 5
11 162 5
11 163 5
11 164 5
11 165 5
11 166 5
11 167 5
11 168 5
11 169 5
11 170 5
11 171 5
11 172 5
11 173 5
11 174 5
11 175 5
11 176 5
11 177 5
11 178 5
11 179 5
12 0 5
12 1 5
12 2 5
12 3 5
12 4 5
12 5 5
12 6 5
12 7 5
12 8 5
12 9 5
12 10 5
12 11 5
12 12 5
12 13 5
12 14 5
12 15 5
12 16 5
12 17 5
12 18 5
12 19 5
12 20 5
12 21 5
12 22 5
12 23 5
12 24 5
12 25 5
12 26 5
12 27 5
12 28 5
12 29 5
12 30 5
12 31 5
12 32 5
12 33 5
12 34 5
12 35 5
12 36 5
12 37 5
12 38 5
12 39 5
12 40 5
12 41 5
12 42 5
12 43 5
12 44 5
12 45 5
12 46 5
12 47 5
12 48 5
12 49 5
12 50 5
12 51 5
12 52 5
12 53 5
12 54 5
12 55 5
12 56 5
12 57 5
12 58 5
12 59 5
12 60 5
12 61 5
12 62 5
12 63 5
12 64 5
12 65 5
12 66 5
12 67 5
12 68 5
12 69 5
12 70 5
12 71 5
12 72 5
12 73 5
12 74 5
12 75 5
12 76 5
12 77 5
12 78 5
12 79 5
12 80 5
12 81 5
12 82 5
12 83 5
12 84 5
12 85 5
12 86 5
12 87 5
12 88 5
12 89 5
12 90 5
12 91 5
12 92 5
12 93 5
12 94 5
12 95 5
12 96 5
12 97 5
12 98 5
12 99 5
12 100 5
12 101 5
12 102 5
12 103 5
12 104 5
12 105 5
12 106 5
12 107 5
12 108 5
12 109 5
12 110 5
12 111 5
12 112 5
12 113 5
12 114 5
12 115 5
12 116 5
12 117 5
12 118 5
12 119 5
12 120 5
12 121 5
12 122 5
12 123 5
12 124 5
12 125 5
12 126 5
12 127 5
12 128 5
12 129 5
12 130 5
12 131 5
12 132 5
12 133 5
12 134 5
12 135 5
12 136 5
12 137 5
12 138 5
12 139 5
12 140 5
12 141 5
12 142 5
12 143 5
12 144 5
12 145 5
12 146 5
12 147 5
12 148 5
12 149 5
12 150 5
12 151 5
12 152 5
12 153 5
12 154 5
12 155 5
12 156 5
12 157 5
12 158 5
12 159 5
12 160 5
12 161 5
12 162 5
12 163 5
12 164 5
12 165 5
12 166 5
12 167 5
12 168 5
12 169 5
12 170 5
12 171 5
12 172 5
12 173 5
12 174 5
12 175 5
12 176 5
12 177 5
12 178 5
12 179 -1
13 0 5
13 1 5
13 2 5
13 3 5
13 4 5
13 5 5
13 6 5
13 7 5
13 8 5
13 9 5
13 10 5
13 11 5
13 12 5
13 13 5
13 14 5
13 15 5
13 16 5
13 17 5
13 18 5
13 19 5
13 20 5
13 21 5
13 22 5
13 23 5
13 24 5
13 25 5
13 26 5
13 27 5
13 28 5
13 29 5
13 30 5
13 31 5
13 32 5
13 33 5
13 34 5
13 35 5
13 36 5
13 37 5
13 38 5
13 39 5
13 40 5
13 41 5
13 42 5
13 43 5
13 44 5
13 45 5
13 46 5
13 47 5
13 48 5
13 49 5
13 50 5
13 51 5
13 52 5
13 53 5
13 54 5
13 55 5
13 56 5
13 57 5
13 58 5
13 59 5
13 60 5
13 61 5
13 62 5
13 63 5
13 64 5
13 65 5
13 66 5
13 67 5
13 68 5
13 69 5
13 70 5
13 71 5
13 72 5
13 73 5
13 74 5
13 75 5
13 76 5
13 77 5
13 78 5
13 79 5
13 80 5
13 81 5
13 82 5
13 83 5
13 84 5
13 85 5
13 86 5
13 87 5
13 88 5
13 89 5
13 90 5
13 91 5
13 92 5
13 93 5
13 94 5
13 95 5
13 96 5
13 97 5
13 98 5
13 99 5
13 100 5
13 101 5
13 102 5
13 103 5
13 104 5
13 105 5
13 106 5
13 107 5
13 108 5
13 109 5
13 110 5
13 111 5
13 112 5
13 113 5
13 114 5
13 115 5
13 116 5
13 117 5
13 118 5
13 119 5
13 120 5
13 121 5
13 122 5
13 123 5
13 124 5
13 125 5
13 126 5
13 127 5
13 128 5
13 129 5
13 130 5
13 131 5
13 132 5
13 133 5
13 134 5
13 135 5
13 136 5
13 137 5
13 138 5
13 139 5
13 140 5
13 141 5
13 142 5
13 143 5
13 144 5
13 145 5
13 146 5
13 147 5
13 148 5
13 149 5
13 150 5
13 151 5
13 152 5
13 153 5
13 154 5
13 155 5
13 156 5
13 157 5
13 158 5
13 159 5
13 160 5
13 161 5
13 162 5
13 163 5
13 164 5
13 165 5
13 166 5
13 167 5
13 168 5
13 169 5
13 170 5
13 171 5
13 172 5
13 173 5
13 174 5
13 175 5
13 176 5
13 177 5
13 178 5
13 179 5
14 0 5
14 1 5
14 2 5
14 3 5
14 4 5
14 5 5
14 6 5
14 7 5
14 8 5
14 9 5
14 10 5
14 11 5
14 12 5
14 13 5
14 14 5
14 15 5
14 16 5
14 17 5
14 18 5
14 19 5
14 20 5
14 21 5
14 22 5
14 23 5
14 24 5
14 25 5
14 26 5
14 27 5
14 28 5
14 29 5
14 30 5
14 31 5
14 32 5
14 33 5
14 34 5
14 35 5
14 36 5
14 37 5
14 38 5
14 39 5
14 40 5
14 41 5
14 42 5
14 43 5
14 44 5
14 45 5
14 46 5
14 47 5
14 48 5
14 49 5
14 50 5
14 51 5
14 52 5
14 53 5
14 54 5
14 55 5
14 56 5
14 57 5
14 58 5
14 59 5
14 60 5
14 61 5
14 62 5
14 63 5
14 64 5
14 65 5
14 66 5
14 67 5
14 68 5
14 69 5
14 70 5
14 71 5
14 72 5
14 73 5
14 74 5
14 75 5
14 76 5
14 77 5
14 78 5
14 79 5
14 80 5
14 81 5
14 82 5
14 83 5
14 84 5
14 85 5
14 86 5
14 87 5
14 88 5
14 89 5
14 90 5
14 91 5
14 92 5
14 93 5
14 94 5
14 95 5
14 96 5
14 97 5
14 98 5
14 99 5
14 100 5
14 101 5
14 102 5
14 103 5
14 104 5
14 105 5
14 106 5
14 107 5
14 108 5
14 109 5
14 110 5
14 111 5
14 112 5
14 113 5
14 114 5
14 115 5
14 116 5
14 117 5
14 118 5
14 119 5
14 120 5
14 121 5
14 122 5
14 123 5
14 124 5
14 125 5
14 126 5
14 127 5
14 128 5
14 129 5
14 130 5
14 131 5
14 132 5
14 133 5
14 134 5
14 135 5
14 136 5
14 137 5
14 138 5
14 139 5
14 140 5
14 141 5
14 142 5
14 143 5
14 144 5
14 145 5
14 146 5
14 147 5
14 148 5
14 149 5
14 150 5
14 151 5
14 152 5
14 153 5
14 154 5
14 155 5
14 156 5
14 157 5
14 158 5
14 159 5
14 160 5
14 161 5
14 162 5
14 163 5
14 164 5
14 165 5
14 166 5
14 167 5
14 168 5
14 169 5
14 170 5
14 171 5
14 172 5
14 173 5
14 174 5
14 175 5
14 176 5
14 177 5
14 178 5
14 179 5
15 0 5
15 1 5
15 2 5
15 3 5
15 4 5
15 5 5
15 6 5
15 7 5
15 8 5
15 9 5
15 10 5
15 11 5
15 12 5
15 13 5
15 14 5
15 15 5
15 16 5
15 17 5
15 18 5
15 19 5
15 20 5
15 21 5
15 22 5
15 23 5
15 24 5
15 25 5
15 26 5
15 27 5
15 28 5
15 29 5
15 30 5
15 31 5
15 32 5
15 33 5
15 34 5
15 35 5
15 36 5
15 37 5
15 38 5
15 39 5
15 40 5
15 41 5
15 42 5
15 43 5
15 44 5
15 45 5
15 46 5
15 47 5
15 48 5
15 49 5
15 50 5
15 51 5
15 52 5
15 53 5
15 54 5
15 55 5
15 56 5
15 57 5
15 58 5
15 59 5
15 60 5
15 61 5
15 62 5
15 63 5
15 64 5
15 65 5
15 66 5
15 67 5
15 68 5
15 69 5
15 70 5
15 71 5
15 72 5
15 73 5
15 74 5
15 75 5
15 76 5
15 77 5
15 78 5
15 79 5
15 80 5
15 81 5
15 82 5
15 83 5
15 84 5
15 85 5
15 86 5
15 87 5
15 88 5
15 89 5
15 90 5
15 91 5
15 92 5
15 93 5
15 94 5
15 95 5
15 96 5
15 97 5
15 98 5
15 99 5
15 100 5
15 101 5
15 102 5
15 103 5
15 104 5
15 105 5
15 106 5
15 107 5
15 108 5
15 109 5
15 110 5
15 111 5
15 112 5
15 113 5
15 114 5
15 115 5
15 116 5
15 117 5
15 118 5
15 119 5
15 120 5
15 121 5
15 122 5
15 123 5
15 124 5
15 125 5
15 126 5
15 127 5
15 128 5
15 129 5
15 130 5
15 131 5
15 132 5
15 133 5
15 134 5
15 135 5
15 136 5
15 137 -10
15 138 -10
15 139 -10
15 140 -10
15 141 -10
15 142 -10
15 143 -10
15 144 -10
15 145 -10
15 146 -10
15 147 -10
15 148 -10
15 149 -10
15 150 -10
15 151 -10
15 152 5
15 153 -10
15 154 -10
15 155 -10
15 156 -10
15 157 -10
15 158 -10
15 159 -10
15 160 -10
15 161 -10
15 162 -10
15 163 -10
15 164 -10
15 165 -10
15 166 -10
15 167 -10
15 168 5
15 169 5
15 170 5
15 171 5
15 172 5
15 173 5
15 174 5
15 175 5
15 176 5
15 177 5
15 178 5
15 179 5
16 0 5
16 1 5
16 2 5
16 3 5
16 4 5
16 5 5
16 6 5
16 7 5
16 8 5
16 9 5
16 10 5
16 11 -1
16 12 5
16 13 5
16 14 5
16 15 5
16 16 5
16 17 5
16 18 5
16 19 5
16 20 5
16 21 5
16 22 5
16 23 5
16 24 5
16 25 5
16 26 5
16 27 5
16 28 5
16 29 5
16 30 5
16 31 5
16 32 5
16 33 5
16 34 5
16 35 5
16 36 5
16 37 5
16 38 5
16 39 5
16 40 5
16 41 5
16 42 5
16 43 5
16 44 5
16 45 5
16 46 5
16 47 5
16 48 5
16 49 5
16 50 5
16 51 5
16 52 5
16 53 5
16 54 5
16 55 5
16 56 5
16 57 5
16 58 5
16 59 5
16 60 5
16 61 5
16 62 5
16 63 5
16 64 5
16 65 5
16 66 5
16 67 5
16 68 5
16 69 5
16 70 5
16 71 5
16 72 5
16 73 5
16 74 5
16 75 5
16 76 5
16 77 5
16 78 5
16 79 5
16 80 5
16 81 5
16 82 5
16 83 5
16 84 5
16 85 5
16 86 5
16 87 5
16 88 5
16 89 5
16 90 5
16 91 5
16 92 5
16 93 5
16 94 5
16 95 5
16 96 5
16 97 5
16 98 5
16 99 5
16 100 5
16 101 5
16 102 5
16 103 5
16 104 5
16 105 5
16 106 5
16 107 5
16 108 5
16 109 5
16 110 5
16 111 5
16 112 5
16 113 5
16 114 5
16 115 5
16 116 5
16 117 5
16 118 5
16 119 5
16 120 5
16 121 5
16 122 5
16 123 5
16 124 5
16 125 5
16 126 5
16 127 5
16 128 5
16 129 5
16 130 5
16 131 5
16 132 5
16 133 5
16 134 5
16 135 5
16 136 5
16 137 5
16 138 5
16 139 5
16 140 5
16 141 5
16 142 5
16 143 5
16 144 5
16 145 5
16 146 5
16 147 5
16 148 5
16 149 5
16 150 5
16 151 5
16 152 5
16 153 5
16 154 5
16 155 5
16 156 5
16 157 5
16 158 5
16 159 5
16 160 5
16 161 5
16 162 5
16 163 5
16 164 5
16 165 5
16 166 5
16 167 5
16 168 5
16 169 5
16 170 5
16 171 5
16 172 5
16 173 5
16 174 5
16 175 5
16 176 5
16 177 5
16 178 5
16 179 5
17 0 5
17 1 5
17 2 5
17 3 5
17 4 5
17 5 5
17 6 5
17 7 5
17 8 5
17 9 5
17 10 5
17 11 5
17 12 5
17 13 5
17 14 5
17 15 5
17 16 5
17 17 5
17 18 5
17 19 5
17 20 5
17 21 5
17 22 5
17 23 5
17 24 5
17 25 5
17 26 5
17 27 5
17 28 5
17 29 5
17 30 5
17 31 5
17 32 5
17 33 5
17 34 5
17 35 5
17 36 5
17 37 5
17 38 5
17 39 5
17 40 5
17 41 5
17 42 5
17 43 5
17 44 5
17 45 5
17 46 5
17 47 5
17 48 5
17 49 5
17 50 5
17 51 5
17 52 5
17 53 5
17 54 5
17 55 5
17 56 5
17 57 5
17 58 5
17 59 5
17 60 5
17 61 5
17 62 5
17 63 5
17 64 5
17 65 5
17 66 5
17 67 5
17 68 5
17 69 5
17 70 5
17 71 5
17 72 5
17 73 5
17 74 5
17 75 5
17 76 5
17 77 5
17 78 5
17 79 5
17 80 5
17 81 5
17 82 5
17 83 5
17 84 5
17 85 5
17 86 5
17 87 5
17 88 5
17 89 5
17 90 5
17 91 5
17 92 5
17 93 5
17 94 5
17 95 5
17 96 5
17 97 5
17 98 5
17 99 5
17 100 5
17 101 5
17 102 5
17 103 5
17 104 5
17 105 5
17 106 5
17 107 5
17 108 5
17 109 5
17 110 5
17 111 5
17 112 5
17 113 5
17 114 5
17 115 5
17 116 5
17 117 5
17 118 5
17 119 5
17 120 5
17 121 5
17 122 5
17 123 5
17 124 5
17 125 5
17 126 5
17 127 5
17 128 5
17 129 5
17 130 5
17 131 5
17 132 5
17 133 5
17 134 5
17 135 5
17 136 5
17 137 5
17 138 5
17 139 5
17 140 5
17 141 5
17 142 5
17 143 5
17 144 5
17 145 5
17 146 5
17 147 5
17 148 5
17 149 5
17 150 5
17 151 5
17 152 5
17 153 5
17 154 5
17 155 5
17 156 5
17 157 5
17 158 5
17 159 5
17 160 5
17 161 5
17 162 5
17 163 5
17 164 5
17 165 5
17 166 5
17 167 5
17 168 5
17 169 5
17 170 5
17 171 5
17 172 5
17 173 5
17 174 5
17 175 5
17 176 5
17 177 5
17 178 5
17 179 5
18 0 5
18 1 5
18 2 5
18 3 5
18 4 5
18 5 5
18 6 5
18 7 5
18 8 5
18 9 5
18 10 5
18 11 5
18 12 5
18 13 5
18 14 5
18 15 5
18 16 5
18 17 5
18 18 5
18 19 5
18 20 5
18 21 5
18 22 5
18 23 5
18 24 5
18 25 5
18 26 5
18 27 5
18 28 5
18 29 5
18 30 5
18 31 5
18 32 5
18 33 5
18 34 5
18 35 5
18 36 5
18 37 5
18 38 5
18 39 5
18 40 5
18 41 5
18 42 5
18 43 5
18 44 5
18 45 5
18 46 5
18 47 5
18 48 5
18 49 5
18 50 5
18 51 5
18 52 5
18 53 5
18 54 5
18 55 5
18 56 5
18 57 5
18 58 5
18 59 5
18 60 5
18 61 5
18 62 5
18 63 5
18 64 5
18 65 5
18 66 5
18 67 5
18 68 5
18 69 5
18 70 5
18 71 5
18 72 5
18 73 5
18 74 5
18 75 5
18 76 5
18 77 5
18 78 5
18 79 5
18 80 5
18 81 5
18 82 5
18 83 5
18 84 -1
18 85 5
18 86 5
18 87 5
18 88 5
18 89 5
18 90 5
18 91 5
18 92 5
18 93 5
18 94 5
18 95 5
18 96 5
18 97 5
18 98 5
18 99 5
18 100 5
18 101 5
18 102 5
18 103 5
18 104 5
18 105 5
18 106 5
18 107 5
18 108 5
18 109 5
18 110 5
18 111 5
18 112 5
18 113 5
18 114 5
18 115 5
18 116 5
18 117 5
18 118 5
18 119 5
18 120 5
18 121 5
18 122 5
18 123 5
18 124 5
18 125 5
18 126 5
18 127 5
18 128 5
18 129 5
18 130 5
18 131 5
18 132 5
18 133 5
18 134 5
18 135 5
18 136 5
18 137 5
18 138 5
18 139 5
18 140 5
18 141 5
18 142 5
18 143 5
18 144 5
18 145 5
18 146 5
18 147 5
18 148 5
18 149 5
18 150 5
18 151 5
18 152 5
18 153 5
18 154 5
18 155 5
18 156 5
18 157 5
18 158 5
18 159 5
18 160 5
18 161 5
18 162 5
18 163 5
18 164 5
18 165 5
18 166 5
18 167 5
18 168 5
18 169 5
18 170 5
18 171 5
18 172 5
18 173 5
18 174 5
18 175 5
18 176 5
18 177 5
18 178 5
18 179 5
19 0 5
19 1 5
19 2 5
19 3 5
19 4 5
19 5 5
19 6 5
19 7 5
19 8 5
19 9 5
19 10 5
19 11 5
19 12 5
19 13 5
19 14 5
19 15 5
19 16 5
19 17 5
19 18 5
19 19 5
19 20 5
19 21 5
19 22 5
19 23 5
19 24 5
19 25 5
19 26 5
19 27 5
19 28 5
19 29 5
19 30 5
19 31 5
19 32 5
19 33 5
19 34 5
19 35 5
19 36 5
19 37 5
19 38 5
19 39 5
19 40 5
19 41 5
19 42 5
19 43 5
19 44 5
19 45 5
19 46 5
19 47 5
19 48 5
19 49 5
19 50 5
19 51 5
19 52 5
19 53 5
19 54 5
19 55 5
19 56 5
19 57 5
19 58 5
19 59 5
19 60 5
19 61 5
19 62 5
19 63 5
19 64 5
19 65 5
19 66 5
19 67 5
19 68 5
19 69 5
19 70 5
19 71 5
19 72 5
19 73 5
19 74 5
19 75 5
19 76 5
19 77 5
19 78 5
19 79 5
19 80 5
19 81 5
19 82 5
19 83 5
19 84 5
19 85 5
19 86 5
19 87 5
19 88 5
19 89 5
19 90 5
19 91 5
19 92 5
19 93 5
19 94 5
19 95 5
19 96 5
19 97 5
19 98 5
19 99 5
19 100 5
19 101 5
19 102 5
19 103 5
19 104 5
19 105 5
19 106 5
19 107 5
19 108 5
19 109 5
19 110 5
19 111 5
19 112 5
19 113 5
19 114 5
19 115 5
19 116 5
19 117 5
19 118 5
19 119 5
19 120 5
19 121 5
19 122 5
19 123 5
19 124 5
19 125 5
19 126 5
19 127 5
19 128 5
19 129 5
19 130 5
19 131 5
19 132 5
19 133 5
19 134 5
19 135 5
19 136 5
19 137 5
19 138 5
19 139 5
19 140 5
19 141 5
19 142 5
19 143 5
19 144 5
19 145 5
19 146 5
19 147 5
19 148 5
19 149 5
19 150 5
19 151 5
19 152 5
19 153 5
19 154 5
19 155 5
19 156 5
19 157 5
19 158 5
19 159 5
19 160 5
19 161 5
19 162 5
19 163 5
19 164 5
19 165 5
19 166 5
19 167 5
19 168 5
19 169 5
19 170 5
19 171 5
19 172 5
19 173 5
19 174 5
19 175 5
19 176 5
19 177 5
19 178 5
19 179 5
