0 0 10
0 1 10
0 2 10
0 3 10
0 4 10
0 5 10
0 6 10
0 7 10
0 8 10
0 9 10
0 10 10
0 11 10
0 12 10
0 13 10
0 14 10
0 15 10
0 16 10
0 17 10
0 18 10
0 19 10
0 20 10
0 21 10
0 22 10
0 23 10
0 24 10
0 25 10
0 26 10
0 27 10
0 28 10
0 29 10
0 30 10
0 31 10
0 32 10
0 33 10
0 34 10
0 35 10
0 36 10
0 37 10
0 38 10
0 39 10
0 40 10
0 41 10
0 42 10
0 43 10
0 44 10
0 45 10
0 46 10
0 47 10
0 48 10
0 49 10
0 50 10
0 51 10
0 52 10
0 53 10
0 54 10
0 55 10
0 56 10
0 57 10
0 58 10
0 59 10
0 60 10
0 61 10
0 62 10
0 63 10
0 64 10
0 65 10
0 66 10
0 67 10
0 68 10
0 69 10
0 70 10
0 71 10
0 72 10
0 73 10
0 74 10
0 75 10
0 76 10
0 77 10
0 78 10
0 79 10
0 80 10
0 81 10
0 82 10
0 83 10
0 84 10
0 85 10
0 86 10
0 87 10
0 88 10
0 89 10
0 90 10
0 91 10
0 92 10
0 93 10
0 94 10
0 95 10
0 96 10
0 97 10
0 98 10
0 99 10
0 100 10
0 101 10
0 102 10
0 103 10
0 104 10
0 105 10
0 106 10
0 107 10
0 108 10
0 109 10
0 110 10
0 111 10
0 112 10
0 113 10
0 114 10
0 115 10
0 116 10
0 117 10
0 118 10
0 119 10
0 120 10
0 121 10
0 122 10
0 123 10
0 124 10
0 125 10
0 126 -1
0 127 10
0 128 10
0 129 10
0 130 10
0 131 10
0 132 10
0 133 10
0 134 10
0 135 10
0 136 10
0 137 10
0 138 10
0 139 10
0 140 10
0 141 10
0 142 10
0 143 10
0 144 10
0 145 10
0 146 10
0 147 10
0 148 10
0 149 10
0 150 10
0 151 10
0 152 10
0 153 10
0 154 10
0 155 10
0 156 10
0 157 10
0 158 10
0 159 10
0 160 10
0 161 10
0 162 10
0 163 10
0 164 10
0 165 10
0 166 10
0 167 10
0 168 10
0 169 10
0 170 10
0 171 10
0 172 10
0 173 10
0 174 10
0 175 10
0 176 10
0 177 10
0 178 10
0 179 10
1 0 10
1 1 10
1 2 10
1 3 10
1 4 10
1 5 10
1 6 10
1 7 10
1 8 10
1 9 10
1 10 10
1 11 10
1 12 10
1 13 10
1 14 10
1 15 10
1 16 10
1 17 10
1 18 10
1 19 10
1 20 10
1 21 10
1 22 10
1 23 10
1 24 10
1 25 10
1 26 10
1 27 10
1 28 10
1 29 10
1 30 10
1 31 10
1 32 -1
1 33 10
1 34 10
1 35 10
1 36 10
1 37 10
1 38 10
1 39 10
1 40 10
1 41 10
1 42 10
1 43 10
1 44 -10
1 45 -10
1 46 -10
1 47 -10
1 48 -10
1 49 -10
1 50 -10
1 51 -10
1 52 -10
1 53 -10
1 54 10
1 55 10
1 56 10
1 57 10
1 58 10
1 59 10
1 60 10
1 61 10
1 62 10
1 63 10
1 64 10
1 65 10
1 66 10
1 67 10
1 68 10
1 69 10
1 70 10
1 71 10
1 72 10
1 73 10
1 74 10
1 75 10
1 76 10
1 77 10
1 78 10
1 79 10
1 80 10
1 81 -10
1 82 -10
1 83 -10
1 84 -10
1 85 -10
1 86 -10
1 87 -10
1 88 -10
1 89 -10
1 90 -10
1 91 10
1 92 10
1 93 10
1 94 10
1 95 10
1 96 10
1 97 10
1 98 10
1 99 10
1 100 10
1 101 10
1 102 10
1 103 10
1 104 10
1 105 10
1 106 10
1 107 10
1 108 10
1 109 10
1 110 10
1 111 10
1 112 10
1 113 10
1 114 10
1 115 10
1 116 10
1 117 10
1 118 10
1 119 10
1 120 10
1 121 10
1 122 10
1 123 10
1 124 10
1 125 10
1 126 10
1 127 10
1 128 10
1 129 10
1 130 10
1 131 10
1 132 10
1 133 10
1 134 10
1 135 10
1 136 10
1 137 10
1 138 10
1 139 10
1 140 10
1 141 10
1 142 10
1 143 10
1 144 10
1 145 10
1 146 10
1 147 10
1 148 10
1 149 10
1 150 10
1 151 10
1 152 10
1 153 10
1 154 -10
1 155 -10
1 156 -10
1 157 -10
1 158 -10
1 159 -10
1 160 -10
1 161 -10
1 162 -10
1 163 -10
1 164 10
1 165 10
1 166 10
1 167 10
1 168 10
1 169 10
1 170 10
1 171 10
1 172 10
1 173 10
1 174 10
1 175 10
1 176 10
1 177 10
1 178 10
1 179 10
2 0 10
2 1 10
2 2 10
2 3 10
2 4 10
2 5 10
2 6 10
2 7 10
2 8 10
2 9 10
2 10 10
2 11 10
2 12 10
2 13 10
2 14 10
2 15 10
2 16 10
2 17 10
2 18 10
2 19 10
2 20 10
2 21 10
2 22 10
2 23 10
2 24 10
2 25 10
2 26 10
2 27 10
2 28 10
2 29 10
2 30 -10
2 31 -10
2 32 -10
2 33 -10
2 34 -10
2 35 -10
2 36 -10
2 37 -10
2 38 -10
2 39 -10
2 40 10
2 41 10
2 42 10
2 43 10
2 44 10
2 45 10
2 46 10
2 47 10
2 48 10
2 49 10
2 50 10
2 51 10
2 52 10
2 53 10
2 54 10
2 55 10
2 56 10
2 57 10
2 58 10
2 59 10
2 60 10
2 61 10
2 62 10
2 63 10
2 64 10
2 65 10
2 66 10
2 67 10
2 68 10
2 69 10
2 70 10
2 71 10
2 72 10
2 73 10
2 74 10
2 75 10
2 76 10
2 77 10
2 78 10
2 79 10
2 80 10
2 81 10
2 82 10
2 83 10
2 84 -10
2 85 -10
2 86 -10
2 87 -10
2 88 -10
2 89 -10
2 90 -10
2 91 -10
2 92 -10
2 93 -10
2 94 10
2 95 10
2 96 10
2 97 10
2 98 10
2 99 10
2 100 -10
2 101 -10
2 102 -10
2 103 -10
2 104 -10
2 105 -10
2 106 -10
2 107 -10
2 108 -10
2 109 -10
2 110 10
2 111 10
2 112 10
2 113 10
2 114 10
2 115 10
2 116 10
2 117 10
2 118 10
2 119 10
2 120 10
2 121 10
2 122 10
2 123 10
2 124 10
2 125 10
2 126 10
2 127 10
2 128 10
2 129 10
2 130 10
2 131 10
2 132 10
2 133 10
2 134 10
2 135 10
2 136 10
2 137 10
2 138 10
2 139 10
2 140 10
2 141 10
2 142 10
2 143 10
2 144 10
2 145 10
2 146 10
2 147 10
2 148 10
2 149 10
2 150 10
2 151 10
2 152 10
2 153 10
2 154 10
2 155 10
2 156 10
2 157 10
2 158 10
2 159 10
2 160 10
2 161 10
2 162 10
2 163 10
2 164 10
2 165 10
2 166 10
2 167 10
2 168 10
2 169 10
2 170 10
2 171 10
2 172 10
2 173 10
2 174 10
2 175 10
2 176 10
2 177 10
2 178 10
2 179 10
3 0 10
3 1 10
3 2 10
3 3 10
3 4 10
3 5 10
3 6 10
3 7 10
3 8 10
3 9 10
3 10 10
3 11 10
3 12 10
3 13 10
3 14 -10
3 15 -10
3 16 -10
3 17 -10
3 18 -10
3 19 -10
3 20 -10
3 21 -10
3 22 -10
3 23 -10
3 24 10
3 25 10
3 26 10
3 27 10
3 28 10
3 29 10
3 30 10
3 31 10
3 32 10
3 33 10
3 34 10
3 35 10
3 36 10
3 37 10
3 38 10
3 39 10
3 40 10
3 41 10
3 42 10
3 43 10
3 44 10
3 45 10
3 46 10
3 47 10
3 48 10
3 49 10
3 50 10
3 51 10
3 52 10
3 53 10
3 54 10
3 55 10
3 56 10
3 57 10
3 58 10
3 59 10
3 60 10
3 61 10
3 62 10
3 63 10
3 64 10
3 65 10
3 66 10
3 67 10
3 68 10
3 69 10
3 70 10
3 71 10
3 72 10
3 73 10
3 74 10
3 75 10
3 76 10
3 77 10
3 78 10
3 79 10
3 80 10
3 81 10
3 82 10
3 83 10
3 84 -10
3 85 -10
3 86 -10
3 87 -10
3 88 -10
3 89 -10
3 90 -10
3 91 -10
3 92 -10
3 93 -10
3 94 10
3 95 10
3 96 10
3 97 10
3 98 10
3 99 10
3 100 10
3 101 10
3 102 10
3 103 10
3 104 10
3 105 10
3 106 10
3 107 10
3 108 10
3 109 10
3 110 10
3 111 10
3 112 10
3 113 10
3 114 10
3 115 10
3 116 10
3 117 10
3 118 10
3 119 10
3 120 10
3 121 10
3 122 10
3 123 10
3 124 10
3 125 10
3 126 10
3 127 10
3 128 10
3 129 10
3 130 10
3 131 10
3 132 10
3 133 10
3 134 10
3 135 10
3 136 10
3 137 10
3 138 10
3 139 10
3 140 10
3 141 10
3 142 10
3 143 10
3 144 10
3 145 10
3 146 10
3 147 10
3 148 10
3 149 10
3 150 10
3 151 10
3 152 -10
3 153 -10
3 154 -10
3 155 -10
3 156 -10
3 157 -10
3 158 -10
3 159 -10
3 160 -10
3 161 -10
3 162 10
3 163 10
3 164 10
3 165 10
3 166 10
3 167 10
3 168 10
3 169 10
3 170 10
3 171 10
3 172 10
3 173 10
3 174 10
3 175 10
3 176 10
3 177 10
3 178 10
3 179 10
4 0 10
4 1 10
4 2 10
4 3 10
4 4 10
4 5 10
4 6 10
4 7 10
4 8 10
4 9 10
4 10 10
4 11 10
4 12 10
4 13 10
4 14 10
4 15 10
4 16 10
4 17 10
4 18 10
4 19 10
4 20 10
4 21 10
4 22 10
4 23 10
4 24 10
4 25 10
4 26 10
4 27 10
4 28 10
4 29 10
4 30 10
4 31 10
4 32 10
4 33 10
4 34 10
4 35 10
4 36 10
4 37 10
4 38 10
4 39 10
4 40 10
4 41 10
4 42 10
4 43 10
4 44 10
4 45 10
4 46 10
4 47 10
4 48 10
4 49 10
4 50 10
4 51 10
4 52 10
4 53 10
4 54 10
4 55 10
4 56 10
4 57 10
4 58 10
4 59 10
4 60 10
4 61 10
4 62 10
4 63 10
4 64 10
4 65 10
4 66 10
4 67 10
4 68 10
4 69 10
4 70 10
4 71 10
4 72 10
4 73 10
4 74 10
4 75 10
4 76 10
4 77 10
4 78 10
4 79 10
4 80 10
4 81 10
4 82 10
4 83 10
4 84 10
4 85 10
4 86 10
4 87 10
4 88 10
4 89 10
4 90 10
4 91 10
4 92 10
4 93 10
4 94 10
4 95 10
4 96 10
4 97 10
4 98 10
4 99 10
4 100 10
4 101 10
4 102 10
4 103 10
4 104 10
4 105 10
4 106 10
4 107 10
4 108 10
4 109 10
4 110 10
4 111 10
4 112 10
4 113 10
4 114 10
4 115 10
4 116 10
4 117 10
4 118 10
4 119 10
4 120 10
4 121 10
4 122 10
4 123 10
4 124 10
4 125 10
4 126 10
4 127 10
4 128 10
4 129 10
4 130 10
4 131 10
4 132 10
4 133 10
4 134 10
4 135 10
4 136 10
4 137 10
4 138 10
4 139 10
4 140 10
4 141 10
4 142 10
4 143 10
4 144 10
4 145 10
4 146 10
4 147 10
4 148 10
4 149 10
4 150 10
4 151 10
4 152 10
4 153 10
4 154 10
4 155 10
4 156 10
4 157 10
4 158 10
4 159 10
4 160 10
4 161 10
4 162 10
4 163 10
4 164 10
4 165 10
4 166 10
4 167 10
4 168 10
4 169 10
4 170 10
4 171 10
4 172 10
4 173 10
4 174 10
4 175 10
4 176 10
4 177 10
4 178 10
4 179 10
5 0 10
5 1 10
5 2 10
5 3 10
5 4 10
5 5 10
5 6 10
5 7 10
5 8 10
5 9 10
5 10 10
5 11 10
5 12 10
5 13 10
5 14 10
5 15 10
5 16 10
5 17 10
5 18 10
5 19 10
5 20 10
5 21 10
5 22 10
5 23 10
5 24 10
5 25 10
5 26 10
5 27 10
5 28 10
5 29 10
5 30 10
5 31 10
5 32 10
5 33 10
5 34 10
5 35 10
5 36 10
5 37 10
5 38 10
5 39 10
5 40 10
5 41 10
5 42 10
5 43 10
5 44 10
5 45 10
5 46 10
5 47 10
5 48 10
5 49 10
5 50 10
5 51 10
5 52 10
5 53 10
5 54 10
5 55 10
5 56 10
5 57 10
5 58 10
5 59 10
5 60 10
5 61 10
5 62 10
5 63 10
5 64 10
5 65 10
5 66 10
5 67 10
5 68 10
5 69 10
5 70 10
5 71 10
5 72 10
5 73 10
5 74 10
5 75 10
5 76 10
5 77 10
5 78 10
5 79 10
5 80 10
5 81 10
5 82 10
5 83 10
5 84 10
5 85 10
5 86 10
5 87 10
5 88 10
5 89 10
5 90 10
5 91 10
5 92 10
5 93 10
5 94 10
5 95 10
5 96 10
5 97 10
5 98 10
5 99 10
5 100 10
5 101 10
5 102 10
5 103 10
5 104 10
5 105 10
5 106 10
5 107 10
5 108 10
5 109 10
5 110 10
5 111 10
5 112 10
5 113 10
5 114 10
5 115 10
5 116 10
5 117 10
5 118 10
5 119 10
5 120 10
5 121 10
5 122 10
5 123 10
5 124 10
5 125 10
5 126 10
5 127 10
5 128 10
5 129 10
5 130 10
5 131 10
5 132 10
5 133 10
5 134 10
5 135 10
5 136 10
5 137 10
5 138 10
5 139 10
5 140 10
5 141 10
5 142 10
5 143 10
5 144 10
5 145 10
5 146 10
5 147 10
5 148 10
5 149 10
5 150 10
5 151 10
5 152 10
5 153 10
5 154 10
5 155 10
5 156 10
5 157 10
5 158 10
5 159 10
5 160 10
5 161 10
5 162 10
5 163 10
5 164 10
5 165 10
5 166 10
5 167 10
5 168 10
5 169 10
5 170 10
5 171 10
5 172 10
5 173 10
5 174 10
5 175 10
5 176 10
5 177 10
5 178 10
5 179 10
6 0 10
6 1 10
6 2 10
6 3 10
6 4 10
6 5 10
6 6 10
6 7 10
6 8 10
6 9 10
6 10 10
6 11 10
6 12 10
6 13 10
6 14 10
6 15 10
6 16 10
6 17 10
6 18 10
6 19 10
6 20 10
6 21 10
6 22 10
6 23 10
6 24 10
6 25 10
6 26 10
6 27 10
6 28 10
6 29 10
6 30 10
6 31 10
6 32 10
6 33 10
6 34 10
6 35 10
6 36 10
6 37 10
6 38 10
6 39 10
6 40 10
6 41 10
6 42 10
6 43 -1
6 44 10
6 45 10
6 46 10
6 47 10
6 48 10
6 49 10
6 50 10
6 51 10
6 52 10
6 53 10
6 54 10
6 55 10
6 56 10
6 57 10
6 58 10
6 59 10
6 60 10
6 61 10
6 62 10
6 63 10
6 64 10
6 65 10
6 66 10
6 67 10
6 68 10
6 69 10
6 70 10
6 71 10
6 72 10
6 73 10
6 74 10
6 75 10
6 76 10
6 77 10
6 78 10
6 79 10
6 80 10
6 81 10
6 82 10
6 83 10
6 84 10
6 85 10
6 86 10
6 87 10
6 88 10
6 89 10
6 90 10
6 91 10
6 92 10
6 93 10
6 94 10
6 95 10
6 96 10
6 97 10
6 98 10
6 99 10
6 100 10
6 101 10
6 102 10
6 103 10
6 104 -10
6 105 -10
6 106 -10
6 107 -10
6 108 -10
6 109 -10
6 110 -10
6 111 -10
6 112 -10
6 113 -10
6 114 -10
6 115 -10
6 116 -10
6 117 -10
6 118 -10
6 119 -10
6 120 -10
6 121 -10
6 122 -10
6 123 -10
6 124 -10
6 125 -10
6 126 -10
6 127 -10
6 128 -10
6 129 -10
6 130 -10
6 131 -10
6 132 -10
6 133 -10
6 134 10
6 135 10
6 136 10
6 137 10
6 138 10
6 139 10
6 140 10
6 141 10
6 142 10
6 143 10
6 144 10
6 145 10
6 146 10
6 147 10
6 148 10
6 149 10
6 150 10
6 151 10
6 152 10
6 153 10
6 154 10
6 155 10
6 156 10
6 157 10
6 158 10
6 159 10
6 160 10
6 161 10
6 162 10
6 163 10
6 164 10
6 165 10
6 166 10
6 167 10
6 168 10
6 169 10
6 170 10
6 171 10
6 172 10
6 173 10
6 174 10
6 175 10
6 176 10
6 177 10
6 178 10
6 179 10
7 0 10
7 1 10
7 2 10
7 3 10
7 4 10
7 5 10
7 6 10
7 7 10
7 8 10
7 9 10
7 10 10
7 11 10
7 12 10
7 13 10
7 14 10
7 15 10
7 16 10
7 17 10
7 18 10
7 19 10
7 20 10
7 21 10
7 22 10
7 23 10
7 24 10
7 25 10
7 26 10
7 27 10
7 28 10
7 29 10
7 30 10
7 31 10
7 32 10
7 33 10
7 34 10
7 35 10
7 36 10
7 37 10
7 38 10
7 39 10
7 40 10
7 41 10
7 42 -10
7 43 -10
7 44 -10
7 45 -10
7 46 -10
7 47 -10
7 48 -10
7 49 -10
7 50 -10
7 51 -10
7 52 -10
7 53 -10
7 54 -10
7 55 -10
7 56 -10
7 57 -10
7 58 -10
7 59 -10
7 60 -10
7 61 -10
7 62 -10
7 63 -10
7 64 -10
7 65 -10
7 66 -10
7 67 -10
7 68 -10
7 69 -10
7 70 -10
7 71 -10
7 72 10
7 73 10
7 74 10
7 75 10
7 76 10
7 77 10
7 78 10
7 79 10
7 80 10
7 81 10
7 82 10
7 83 10
7 84 10
7 85 10
7 86 10
7 87 10
7 88 10
7 89 10
7 90 10
7 91 10
7 92 10
7 93 10
7 94 10
7 95 10
7 96 10
7 97 10
7 98 10
7 99 10
7 100 10
7 101 10
7 102 10
7 103 10
7 104 10
7 105 10
7 106 10
7 107 10
7 108 10
7 109 10
7 110 10
7 111 10
7 112 10
7 113 10
7 114 10
7 115 10
7 116 10
7 117 10
7 118 10
7 119 10
7 120 10
7 121 10
7 122 10
7 123 10
7 124 10
7 125 10
7 126 10
7 127 10
7 128 10
7 129 10
7 130 10
7 131 10
7 132 10
7 133 10
7 134 10
7 135 10
7 136 10
7 137 10
7 138 10
7 139 10
7 140 10
7 141 10
7 142 10
7 143 10
7 144 10
7 145 10
7 146 10
7 147 10
7 148 10
7 149 10
7 150 10
7 151 10
7 152 10
7 153 10
7 154 10
7 155 10
7 156 10
7 157 10
7 158 10
7 159 10
7 160 10
7 161 10
7 162 10
7 163 10
7 164 10
7 165 10
7 166 10
7 167 10
7 168 10
7 169 10
7 170 10
7 171 10
7 172 10
7 173 10
7 174 10
7 175 10
7 176 10
7 177 10
7 178 10
7 179 10
8 0 10
8 1 10
8 2 10
8 3 10
8 4 10
8 5 10
8 6 10
8 7 10
8 8 10
8 9 10
8 10 10
8 11 10
8 12 10
8 13 10
8 14 10
8 15 10
8 16 10
8 17 10
8 18 10
8 19 10
8 20 10
8 21 10
8 22 10
8 23 10
8 24 10
8 25 10
8 26 10
8 27 10
8 28 10
8 29 10
8 30 10
8 31 10
8 32 10
8 33 10
8 34 10
8 35 10
8 36 10
8 37 10
8 38 10
8 39 10
8 40 10
8 41 10
8 42 10
8 43 10
8 44 10
8 45 10
8 46 10
8 47 10
8 48 10
8 49 10
8 50 10
8 51 10
8 52 10
8 53 10
8 54 10
8 55 10
8 56 10
8 57 10
8 58 10
8 59 10
8 60 10
8 61 10
8 62 10
8 63 10
8 64 10
8 65 10
8 66 10
8 67 10
8 68 10
8 69 10
8 70 10
8 71 10
8 72 10
8 73 10
8 74 10
8 75 10
8 76 10
8 77 10
8 78 10
8 79 10
8 80 10
8 81 10
8 82 10
8 83 10
8 84 10
8 85 10
8 86 10
8 87 10
8 88 10
8 89 10
8 90 10
8 91 10
8 92 10
8 93 10
8 94 10
8 95 10
8 96 10
8 97 10
8 98 10
8 99 10
8 100 10
8 101 10
8 102 10
8 103 10
8 104 10
8 105 10
8 106 10
8 107 10
8 108 10
8 109 10
8 110 10
8 111 10
8 112 10
8 113 10
8 114 10
8 115 10
8 116 10
8 117 10
8 118 10
8 119 10
8 120 10
8 121 10
8 122 10
8 123 10
8 124 10
8 125 10
8 126 10
8 127 10
8 128 10
8 129 10
8 130 10
8 131 10
8 132 10
8 133 10
8 134 10
8 135 10
8 136 10
8 137 10
8 138 10
8 139 10
8 140 10
8 141 10
8 142 10
8 143 10
8 144 10
8 145 10
8 146 10
8 147 10
8 148 10
8 149 10
8 150 10
8 151 10
8 152 10
8 153 10
8 154 10
8 155 10
8 156 10
8 157 10
8 158 10
8 159 10
8 160 10
8 161 10
8 162 10
8 163 10
8 164 10
8 165 10
8 166 10
8 167 10
8 168 10
8 169 10
8 170 10
8 171 10
8 172 10
8 173 10
8 174 10
8 175 10
8 176 10
8 177 10
8 178 10
8 179 10
9 0 10
9 1 10
9 2 10
9 3 10
9 4 10
9 5 10
9 6 10
9 7 10
9 8 10
9 9 10
9 10 10
9 11 10
9 12 10
9 13 10
9 14 10
9 15 10
9 16 10
9 17 10
9 18 10
9 19 10
9 20 10
9 21 10
9 22 10
9 23 10
9 24 10
9 25 10
9 26 10
9 27 10
9 28 10
9 29 10
9 30 10
9 31 10
9 32 10
9 33 10
9 34 10
9 35 10
9 36 10
9 37 10
9 38 10
9 39 10
9 40 10
9 41 10
9 42 10
9 43 10
9 44 10
9 45 10
9 46 10
9 47 10
9 48 10
9 49 10
9 50 10
9 51 10
9 52 10
9 53 10
9 54 10
9 55 10
9 56 10
9 57 10
9 58 10
9 59 10
9 60 10
9 61 10
9 62 10
9 63 10
9 64 10
9 65 10
9 66 10
9 67 10
9 68 10
9 69 10
9 70 10
9 71 10
9 72 10
9 73 10
9 74 10
9 75 10
9 76 10
9 77 10
9 78 10
9 79 10
9 80 10
9 81 10
9 82 10
9 83 10
9 84 10
9 85 10
9 86 10
9 87 10
9 88 10
9 89 10
9 90 10
9 91 10
9 92 10
9 93 10
9 94 10
9 95 10
9 96 10
9 97 10
9 98 10
9 99 10
9 100 10
9 101 10
9 102 10
9 103 10
9 104 10
9 105 10
9 106 10
9 107 10
9 108 10
9 109 10
9 110 10
9 111 10
9 112 10
9 113 10
9 114 10
9 115 10
9 116 10
9 117 10
9 118 10
9 119 10
9 120 10
9 121 10
9 122 10
9 123 10
9 124 10
9 125 10
9 126 10
9 127 10
9 128 10
9 129 10
9 130 10
9 131 10
9 132 10
9 133 10
9 134 10
9 135 10
9 136 10
9 137 10
9 138 10
9 139 10
9 140 10
9 141 10
9 142 10
9 143 10
9 144 10
9 145 10
9 146 10
9 147 10
9 148 10
9 149 10
9 150 10
9 151 10
9 152 10
9 153 10
9 154 10
9 155 10
9 156 10
9 157 10
9 158 10
9 159 10
9 160 10
9 161 10
9 162 10
9 163 10
9 164 10
9 165 10
9 166 10
9 167 10
9 168 10
9 169 10
9 170 10
9 171 10
9 172 10
9 173 10
9 174 10
9 175 10
9 176 10
9 177 10
9 178 10
9 179 10
10 0 10
10 1 10
10 2 10
10 3 10
10 4 10
10 5 10
10 6 10
10 7 10
10 8 10
10 9 10
10 10 10
10 11 10
10 12 10
10 13 10
10 14 10
10 15 10
10 16 10
10 17 10
10 18 10
10 19 10
10 20 10
10 21 10
10 22 10
10 23 10
10 24 10
10 25 10
10 26 10
10 27 10
10 28 10
10 29 10
10 30 10
10 31 10
10 32 10
10 33 10
10 34 10
10 35 10
10 36 10
10 37 10
10 38 10
10 39 10
10 40 10
10 41 10
10 42 10
10 43 10
10 44 10
10 45 10
10 46 10
10 47 10
10 48 10
10 49 10
10 50 10
10 51 10
10 52 10
10 53 10
10 54 10
10 55 10
10 56 10
10 57 10
10 58 10
10 59 10
10 60 10
10 61 10
10 62 10
10 63 10
10 64 10
10 65 10
10 66 10
10 67 10
10 68 10
10 69 10
10 70 10
10 71 10
10 72 10
10 73 10
10 74 10
10 75 10
10 76 10
10 77 10
10 78 10
10 79 10
10 80 10
10 81 10
10 82 10
10 83 10
10 84 10
10 85 10
10 86 10
10 87 10
10 88 10
10 89 10
10 90 10
10 91 10
10 92 10
10 93 10
10 94 10
10 95 10
10 96 10
10 97 10
10 98 10
10 99 10
10 100 10
10 101 10
10 102 10
10 103 10
10 104 10
10 105 10
10 106 10
10 107 10
10 108 10
10 109 10
10 110 10
10 111 10
10 112 10
10 113 10
10 114 10
10 115 10
10 116 10
10 117 10
10 118 10
10 119 10
10 120 10
10 121 10
10 122 10
10 123 10
10 124 10
10 125 10
10 126 10
10 127 10
10 128 10
10 129 10
10 130 10
10 131 10
10 132 10
10 133 10
10 134 10
10 135 10
10 136 10
10 137 10
10 138 10
10 139 10
10 140 10
10 141 10
10 142 10
10 143 10
10 144 10
10 145 10
10 146 10
10 147 10
10 148 10
10 149 10
10 150 10
10 151 -1
10 152 10
10 153 10
10 154 10
10 155 10
10 156 10
10 157 10
10 158 10
10 159 10
10 160 10
10 161 10
10 162 10
10 163 10
10 164 10
10 165 10
10 166 10
10 167 10
10 168 10
10 169 10
10 170 10
10 171 10
10 172 10
10 173 10
10 174 10
10 175 10
10 176 10
10 177 10
10 178 10
10 179 10
11 0 10
11 1 10
11 2 10
11 3 10
11 4 10
11 5 10
11 6 10
11 7 10
11 8 10
11 9 10
11 10 10
11 11 10
11 12 10
11 13 10
11 14 10
11 15 10
11 16 10
11 17 10
11 18 10
11 19 10
11 20 10
11 21 10
11 22 10
11 23 10
11 24 10
11 25 10
11 26 10
11 27 10
11 28 10
11 29 10
11 30 10
11 31 10
11 32 10
11 33 10
11 34 10
11 35 10
11 36 10
11 37 10
11 38 10
11 39 10
11 40 10
11 41 10
11 42 10
11 43 10
11 44 10
11 45 10
11 46 10
11 47 10
11 48 10
11 49 10
11 50 10
11 51 10
11 52 10
11 53 10
11 54 10
11 55 10
11 56 10
11 57 10
11 58 10
11 59 10
11 60 10
11 61 10
11 62 10
11 63 10
11 64 10
11 65 10
11 66 10
11 67 10
11 68 10
11 69 10
11 70 10
11 71 10
11 72 10
11 73 10
11 74 10
11 75 10
11 76 10
11 77 10
11 78 10
11 79 10
11 80 10
11 81 10
11 82 10
11 83 10
11 84 10
11 85 10
11 86 10
11 87 10
11 88 10
11 89 10
11 90 10
11 91 10
11 92 10
11 93 10
11 94 10
11 95 10
11 96 10
11 97 10
11 98 10
11 99 10
11 100 10
11 101 10
11 102 10
11 103 10
11 104 10
11 105 10
11 106 10
11 107 10
11 108 10
11 109 10
11 110 10
11 111 10
11 112 10
11 113 10
11 114 10
11 115 10
11 116 10
11 117 10
11 118 10
11 119 10
11 120 10
11 121 10
11 122 10
11 123 10
11 124 10
11 125 10
11 126 10
11 127 10
11 128 10
11 129 10
11 130 10
11 131 10
11 132 10
11 133 10
11 134 10
11 135 10
11 136 10
11 137 10
11 138 10
11 139 10
11 140 10
11 141 10
11 142 10
11 143 10
11 144 10
11 145 10
11 146 10
11 147 10
11 148 10
11 149 10
11 150 10
11 151 10
11 152 10
11 153 10
11 154 10
11 155 10
11 156 10
11 157 10
11 158 10
11 159 10
11 160 10
11 161 10
11 162 10
11 163 10
11 164 10
11 165 10
11 166 10
11 167 10
11 168 10
11 169 10
11 170 10
11 171 10
11 172 10
11 173 10
11 174 10
11 175 10
11 176 10
11 177 10
11 178 10
11 179 10
12 0 10
12 1 10
12 2 10
12 3 10
12 4 10
12 5 10
12 6 10
12 7 10
12 8 10
12 9 10
12 10 10
12 11 10
12 12 10
12 13 10
12 14 10
12 15 10
12 16 10
12 17 10
12 18 10
12 19 10
12 20 10
12 21 10
12 22 10
12 23 10
12 24 10
12 25 10
12 26 10
12 27 10
12 28 10
12 29 10
12 30 10
12 31 10
12 32 10
12 33 10
12 34 10
12 35 10
12 36 10
12 37 10
12 38 10
12 39 10
12 40 10
12 41 10
12 42 10
12 43 10
12 44 10
12 45 10
12 46 10
12 47 10
12 48 10
12 49 10
12 50 10
12 51 10
12 52 10
12 53 10
12 54 10
12 55 10
12 56 10
12 57 10
12 58 10
12 59 10
12 60 10
12 61 10
12 62 10
12 63 10
12 64 10
12 65 10
12 66 10
12 67 10
12 68 10
12 69 10
12 70 10
12 71 10
12 72 10
12 73 10
12 74 10
12 75 10
12 76 10
12 77 10
12 78 10
12 79 10
12 80 10
12 81 10
12 82 10
12 83 10
12 84 10
12 85 10
12 86 10
12 87 10
12 88 10
12 89 10
12 90 10
12 91 10
12 92 10
12 93 10
12 94 10
12 95 10
12 96 10
12 97 10
12 98 10
12 99 10
12 100 10
12 101 10
12 102 10
12 103 10
12 104 10
12 105 10
12 106 10
12 107 10
12 108 10
12 109 10
12 110 10
12 111 10
12 112 10
12 113 10
12 114 10
12 115 10
12 116 10
12 117 10
12 118 10
12 119 10
12 120 10
12 121 10
12 122 10
12 123 10
12 124 10
12 125 10
12 126 10
12 127 10
12 128 10
12 129 10
12 130 10
12 131 10
12 132 10
12 133 10
12 134 10
12 135 10
12 136 10
12 137 10
12 138 10
12 139 10
12 140 10
12 141 10
12 142 10
12 143 10
12 144 10
12 145 10
12 146 10
12 147 10
12 148 10
12 149 10
12 150 10
12 151 10
12 152 10
12 153 10
12 154 10
12 155 10
12 156 10
12 157 10
12 158 10
12 159 10
12 160 10
12 161 10
12 162 10
12 163 10
12 164 10
12 165 10
12 166 10
12 167 10
12 168 10
12 169 10
12 170 10
12 171 10
12 172 10
12 173 10
12 174 10
12 175 10
12 176 10
12 177 10
12 178 10
12 179 10
13 0 10
13 1 10
13 2 10
13 3 10
13 4 10
13 5 10
13 6 10
13 7 10
13 8 10
13 9 10
13 10 10
13 11 10
13 12 10
13 13 10
13 14 10
13 15 10
13 16 10
13 17 10
13 18 10
13 19 10
13 20 10
13 21 10
13 22 10
13 23 10
13 24 10
13 25 10
13 26 10
13 27 10
13 28 10
13 29 10
13 30 10
13 31 10
13 32 10
13 33 10
13 34 10
13 35 10
13 36 10
13 37 10
13 38 10
13 39 10
13 40 10
13 41 10
13 42 10
13 43 10
13 44 10
13 45 10
13 46 10
13 47 10
13 48 10
13 49 10
13 50 10
13 51 10
13 52 10
13 53 10
13 54 10
13 55 10
13 56 10
13 57 10
13 58 10
13 59 10
13 60 10
13 61 10
13 62 10
13 63 10
13 64 10
13 65 10
13 66 10
13 67 10
13 68 10
13 69 10
13 70 10
13 71 10
13 72 10
13 73 10
13 74 10
13 75 10
13 76 10
13 77 10
13 78 10
13 79 10
13 80 10
13 81 10
13 82 10
13 83 10
13 84 10
13 85 10
13 86 10
13 87 10
13 88 10
13 89 10
13 90 10
13 91 10
13 92 10
13 93 10
13 94 10
13 95 10
13 96 10
13 97 10
13 98 10
13 99 10
13 100 10
13 101 10
13 102 10
13 103 10
13 104 10
13 105 10
13 106 10
13 107 10
13 108 10
13 109 10
13 110 10
13 111 10
13 112 10
13 113 10
13 114 10
13 115 10
13 116 10
13 117 10
13 118 10
13 119 10
13 120 10
13 121 10
13 122 10
13 123 10
13 124 10
13 125 10
13 126 10
13 127 10
13 128 10
13 129 10
13 130 10
13 131 10
13 132 10
13 133 10
13 134 10
13 135 10
13 136 10
13 137 10
13 138 10
13 139 10
13 140 10
13 141 10
13 142 10
13 143 10
13 144 10
13 145 10
13 146 10
13 147 10
13 148 10
13 149 10
13 150 10
13 151 10
13 152 10
13 153 10
13 154 10
13 155 10
13 156 10
13 157 10
13 158 10
13 159 10
13 160 10
13 161 10
13 162 10
13 163 10
13 164 10
13 165 10
13 166 10
13 167 10
13 168 10
13 169 10
13 170 10
13 171 10
13 172 10
13 173 10
13 174 10
13 175 10
13 176 10
13 177 10
13 178 10
13 179 10
14 0 10
14 1 10
14 2 10
14 3 10
14 4 -10
14 5 -10
14 6 -10
14 7 -10
14 8 -10
14 9 -10
14 10 -10
14 11 -10
14 12 -10
14 13 -10
14 14 -10
14 15 -10
14 16 -10
14 17 -10
14 18 -10
14 19 -10
14 20 -10
14 21 -10
14 22 -10
14 23 -10
14 24 -10
14 25 -10
14 26 -10
14 27 -10
14 28 -10
14 29 -10
14 30 -10
14 31 -10
14 32 -10
14 33 -10
14 34 10
14 35 10
14 36 10
14 37 10
14 38 10
14 39 10
14 40 10
14 41 10
14 42 10
14 43 10
14 44 10
14 45 10
14 46 10
14 47 10
14 48 10
14 49 10
14 50 10
14 51 10
14 52 10
14 53 10
14 54 10
14 55 10
14 56 10
14 57 10
14 58 10
14 59 10
14 60 10
14 61 10
14 62 10
14 63 10
14 64 10
14 65 10
14 66 10
14 67 10
14 68 10
14 69 10
14 70 10
14 71 10
14 72 10
14 73 10
14 74 10
14 75 10
14 76 10
14 77 10
14 78 10
14 79 10
14 80 10
14 81 10
14 82 10
14 83 10
14 84 10
14 85 10
14 86 10
14 87 10
14 88 10
14 89 10
14 90 10
14 91 10
14 92 10
14 93 10
14 94 10
14 95 10
14 96 10
14 97 10
14 98 10
14 99 10
14 100 10
14 101 10
14 102 10
14 103 10
14 104 10
14 105 10
14 106 10
14 107 10
14 108 10
14 109 10
14 110 10
14 111 10
14 112 10
14 113 10
14 114 10
14 115 10
14 116 10
14 117 10
14 118 10
14 119 10
14 120 10
14 121 10
14 122 10
14 123 10
14 124 10
14 125 10
14 126 10
14 127 10
14 128 10
14 129 10
14 130 10
14 131 10
14 132 10
14 133 10
14 134 10
14 135 10
14 136 10
14 137 10
14 138 10
14 139 10
14 140 10
14 141 10
14 142 10
14 143 10
14 144 10
14 145 10
14 146 10
14 147 10
14 148 10
14 149 10
14 150 10
14 151 10
14 152 10
14 153 10
14 154 10
14 155 10
14 156 10
14 157 10
14 158 10
14 159 10
14 160 10
14 161 10
14 162 10
14 163 10
14 164 10
14 165 10
14 166 10
14 167 10
14 168 10
14 169 10
14 170 10
14 171 10
14 172 10
14 173 10
14 174 10
14 175 10
14 176 10
14 177 10
14 178 10
14 179 10
15 0 10
15 1 10
15 2 10
15 3 10
15 4 10
15 5 10
15 6 10
15 7 10
15 8 10
15 9 10
15 10 10
15 11 10
15 12 10
15 13 10
15 14 10
15 15 10
15 16 10
15 17 10
15 18 10
15 19 10
15 20 10
15 21 10
15 22 10
15 23 10
15 24 10
15 25 10
15 26 10
15 27 10
15 28 10
15 29 10
15 30 10
15 31 10
15 32 10
15 33 10
15 34 10
15 35 10
15 36 10
15 37 10
15 38 10
15 39 10
15 40 10
15 41 10
15 42 10
15 43 10
15 44 10
15 45 10
15 46 10
15 47 10
15 48 10
15 49 10
15 50 10
15 51 10
15 52 10
15 53 10
15 54 10
15 55 10
15 56 10
15 57 10
15 58 10
15 59 10
15 60 10
15 61 10
15 62 10
15 63 10
15 64 10
15 65 10
15 66 10
15 67 10
15 68 10
15 69 10
15 70 10
15 71 10
15 72 10
15 73 10
15 74 10
15 75 10
15 76 10
15 77 10
15 78 10
15 79 10
15 80 10
15 81 10
15 82 10
15 83 10
15 84 10
15 85 10
15 86 10
15 87 10
15 88 10
15 89 10
15 90 10
15 91 10
15 92 10
15 93 10
15 94 10
15 95 10
15 96 10
15 97 10
15 98 10
15 99 10
15 100 10
15 101 10
15 102 10
15 103 10
15 104 10
15 105 10
15 106 10
15 107 10
15 108 10
15 109 10
15 110 10
15 111 10
15 112 10
15 113 10
15 114 10
15 115 10
15 116 10
15 117 10
15 118 10
15 119 10
15 120 10
15 121 10
15 122 10
15 123 10
15 124 10
15 125 10
15 126 10
15 127 10
15 128 10
15 129 10
15 130 10
15 131 10
15 132 10
15 133 10
15 134 10
15 135 10
15 136 10
15 137 10
15 138 10
15 139 10
15 140 10
15 141 10
15 142 10
15 143 10
15 144 10
15 145 10
15 146 10
15 147 10
15 148 10
15 149 10
15 150 10
15 151 10
15 152 10
15 153 10
15 154 10
15 155 10
15 156 10
15 157 10
15 158 10
15 159 10
15 160 10
15 161 10
15 162 10
15 163 10
15 164 10
15 165 10
15 166 10
15 167 10
15 168 10
15 169 10
15 170 10
15 171 10
15 172 10
15 173 10
15 174 10
15 175 10
15 176 10
15 177 10
15 178 10
15 179 10
16 0 10
16 1 10
16 2 10
16 3 10
16 4 10
16 5 10
16 6 10
16 7 10
16 8 10
16 9 10
16 10 10
16 11 10
16 12 10
16 13 10
16 14 10
16 15 10
16 16 10
16 17 10
16 18 10
16 19 10
16 20 10
16 21 10
16 22 10
16 23 10
16 24 10
16 25 10
16 26 10
16 27 10
16 28 10
16 29 10
16 30 10
16 31 10
16 32 10
16 33 10
16 34 10
16 35 10
16 36 10
16 37 10
16 38 10
16 39 10
16 40 10
16 41 10
16 42 10
16 43 10
16 44 10
16 45 10
16 46 10
16 47 10
16 48 10
16 49 10
16 50 10
16 51 10
16 52 10
16 53 10
16 54 10
16 55 10
16 56 10
16 57 10
16 58 10
16 59 10
16 60 10
16 61 10
16 62 10
16 63 10
16 64 10
16 65 10
16 66 10
16 67 10
16 68 10
16 69 10
16 70 10
16 71 10
16 72 10
16 73 10
16 74 10
16 75 10
16 76 10
16 77 10
16 78 10
16 79 10
16 80 10
16 81 10
16 82 10
16 83 10
16 84 10
16 85 10
16 86 10
16 87 10
16 88 10
16 89 10
16 90 10
16 91 10
16 92 10
16 93 10
16 94 10
16 95 10
16 96 10
16 97 10
16 98 10
16 99 10
16 100 10
16 101 10
16 102 10
16 103 10
16 104 10
16 105 10
16 106 10
16 107 10
16 108 10
16 109 10
16 110 10
16 111 10
16 112 10
16 113 10
16 114 10
16 115 10
16 116 10
16 117 10
16 118 10
16 119 10
16 120 10
16 121 10
16 122 10
16 123 10
16 124 10
16 125 10
16 126 10
16 127 10
16 128 10
16 129 10
16 130 10
16 131 10
16 132 10
16 133 10
16 134 10
16 135 10
16 136 10
16 137 10
16 138 10
16 139 10
16 140 10
16 141 10
16 142 10
16 143 10
16 144 10
16 145 10
16 146 10
16 147 10
16 148 10
16 149 10
16 150 10
16 151 10
16 152 10
16 153 10
16 154 10
16 155 10
16 156 10
16 157 10
16 158 10
16 159 10
16 160 10
16 161 10
16 162 10
16 163 10
16 164 10
16 165 10
16 166 10
16 167 10
16 168 10
16 169 10
16 170 10
16 171 10
16 172 10
16 173 10
16 174 10
16 175 10
16 176 10
16 177 10
16 178 10
16 179 10
17 0 10
17 1 10
17 2 10
17 3 10
17 4 10
17 5 10
17 6 10
17 7 10
17 8 10
17 9 10
17 10 10
17 11 10
17 12 10
17 13 10
17 14 10
17 15 10
17 16 10
17 17 10
17 18 10
17 19 10
17 20 10
17 21 10
17 22 10
17 23 10
17 24 10
17 25 10
17 26 10
17 27 10
17 28 10
17 29 10
17 30 10
17 31 10
17 32 10
17 33 10
17 34 10
17 35 10
17 36 10
17 37 10
17 38 10
17 39 10
17 40 10
17 41 10
17 42 10
17 43 10
17 44 10
17 45 10
17 46 10
17 47 10
17 48 10
17 49 10
17 50 10
17 51 10
17 52 10
17 53 10
17 54 10
17 55 10
17 56 10
17 57 10
17 58 10
17 59 10
17 60 10
17 61 10
17 62 10
17 63 10
17 64 10
17 65 10
17 66 10
17 67 10
17 68 10
17 69 10
17 70 10
17 71 10
17 72 10
17 73 10
17 74 10
17 75 10
17 76 10
17 77 10
17 78 10
17 79 10
17 80 10
17 81 10
17 82 10
17 83 10
17 84 10
17 85 10
17 86 10
17 87 10
17 88 10
17 89 10
17 90 10
17 91 10
17 92 10
17 93 10
17 94 10
17 95 10
17 96 10
17 97 10
17 98 10
17 99 10
17 100 10
17 101 10
17 102 10
17 103 10
17 104 10
17 105 10
17 106 10
17 107 10
17 108 10
17 109 10
17 110 10
17 111 10
17 112 10
17 113 10
17 114 10
17 115 10
17 116 10
17 117 10
17 118 10
17 119 10
17 120 10
17 121 10
17 122 10
17 123 10
17 124 10
17 125 10
17 126 10
17 127 10
17 128 10
17 129 10
17 130 10
17 131 10
17 132 10
17 133 10
17 134 10
17 135 10
17 136 10
17 137 10
17 138 10
17 139 10
17 140 10
17 141 10
17 142 10
17 143 10
17 144 10
17 145 10
17 146 10
17 147 10
17 148 10
17 149 10
17 150 10
17 151 10
17 152 10
17 153 10
17 154 10
17 155 10
17 156 10
17 157 10
17 158 10
17 159 10
17 160 10
17 161 10
17 162 10
17 163 10
17 164 10
17 165 10
17 166 10
17 167 10
17 168 10
17 169 10
17 170 10
17 171 10
17 172 10
17 173 10
17 174 10
17 175 10
17 176 10
17 177 10
17 178 10
17 179 10
18 0 10
18 1 10
18 2 10
18 3 10
18 4 10
18 5 10
18 6 10
18 7 10
18 8 10
18 9 10
18 10 10
18 11 10
18 12 10
18 13 10
18 14 10
18 15 10
18 16 10
18 17 10
18 18 10
18 19 10
18 20 10
18 21 10
18 22 10
18 23 10
18 24 10
18 25 10
18 26 10
18 27 10
18 28 10
18 29 10
18 30 10
18 31 10
18 32 10
18 33 10
18 34 10
18 35 10
18 36 10
18 37 10
18 38 10
18 39 10
18 40 10
18 41 10
18 42 10
18 43 10
18 44 10
18 45 10
18 46 10
18 47 10
18 48 10
18 49 10
18 50 10
18 51 10
18 52 10
18 53 10
18 54 10
18 55 10
18 56 10
18 57 10
18 58 10
18 59 10
18 60 10
18 61 10
18 62 10
18 63 10
18 64 10
18 65 10
18 66 10
18 67 10
18 68 10
18 69 10
18 70 10
18 71 10
18 72 10
18 73 10
18 74 10
18 75 10
18 76 10
18 77 10
18 78 10
18 79 10
18 80 10
18 81 10
18 82 10
18 83 10
18 84 10
18 85 10
18 86 10
18 87 10
18 88 10
18 89 10
18 90 10
18 91 10
18 92 10
18 93 10
18 94 10
18 95 10
18 96 10
18 97 10
18 98 10
18 99 10
18 100 10
18 101 10
18 102 10
18 103 10
18 104 10
18 105 10
18 106 10
18 107 10
18 108 10
18 109 10
18 110 10
18 111 10
18 112 10
18 113 10
18 114 10
18 115 10
18 116 10
18 117 10
18 118 10
18 119 10
18 120 10
18 121 10
18 122 10
18 123 10
18 124 10
18 125 10
18 126 10
18 127 10
18 128 10
18 129 10
18 130 10
18 131 10
18 132 10
18 133 10
18 134 10
18 135 10
18 136 10
18 137 10
18 138 10
18 139 10
18 140 10
18 141 10
18 142 10
18 143 10
18 144 10
18 145 10
18 146 10
18 147 10
18 148 10
18 149 10
18 150 10
18 151 10
18 152 10
18 153 10
18 154 10
18 155 10
18 156 10
18 157 10
18 158 10
18 159 10
18 160 10
18 161 10
18 162 10
18 163 10
18 164 10
18 165 10
18 166 10
18 167 10
18 168 10
18 169 10
18 170 10
18 171 10
18 172 10
18 173 10
18 174 10
18 175 10
18 176 10
18 177 10
18 178 10
18 179 10
19 0 10
19 1 10
19 2 10
19 3 10
19 4 10
19 5 10
19 6 10
19 7 10
19 8 10
19 9 10
19 10 10
19 11 10
19 12 10
19 13 10
19 14 10
19 15 10
19 16 10
19 17 10
19 18 10
19 19 10
19 20 10
19 21 10
19 22 10
19 23 10
19 24 10
19 25 10
19 26 10
19 27 10
19 28 10
19 29 10
19 30 10
19 31 10
19 32 10
19 33 10
19 34 10
19 35 10
19 36 10
19 37 10
19 38 10
19 39 10
19 40 10
19 41 10
19 42 10
19 43 10
19 44 10
19 45 10
19 46 10
19 47 10
19 48 10
19 49 10
19 50 10
19 51 10
19 52 10
19 53 10
19 54 10
19 55 10
19 56 10
19 57 10
19 58 10
19 59 10
19 60 10
19 61 10
19 62 10
19 63 10
19 64 10
19 65 10
19 66 10
19 67 10
19 68 10
19 69 10
19 70 10
19 71 10
19 72 10
19 73 10
19 74 10
19 75 10
19 76 10
19 77 10
19 78 10
19 79 10
19 80 10
19 81 10
19 82 10
19 83 10
19 84 10
19 85 10
19 86 10
19 87 10
19 88 10
19 89 10
19 90 10
19 91 10
19 92 10
19 93 10
19 94 10
19 95 10
19 96 10
19 97 10
19 98 10
19 99 10
19 100 10
19 101 10
19 102 10
19 103 10
19 104 10
19 105 10
19 106 10
19 107 10
19 108 10
19 109 10
19 110 10
19 111 10
19 112 10
19 113 10
19 114 10
19 115 10
19 116 10
19 117 10
19 118 10
19 119 10
19 120 10
19 121 10
19 122 10
19 123 10
19 124 10
19 125 10
19 126 10
19 127 10
19 128 10
19 129 10
19 130 10
19 131 10
19 132 10
19 133 10
19 134 10
19 135 10
19 136 10
19 137 10
19 138 10
19 139 10
19 140 10
19 141 10
19 142 10
19 143 10
19 144 10
19 145 10
19 146 10
19 147 10
19 148 10
19 149 10
19 150 10
19 151 10
19 152 10
19 153 10
19 154 10
19 155 10
19 156 10
19 157 10
19 158 10
19 159 10
19 160 10
19 161 10
19 162 10
19 163 10
19 164 10
19 165 10
19 166 10
19 167 10
19 168 10
19 169 10
19 170 10
19 171 10
19 172 10
19 173 10
19 174 10
19 175 10
19 176 10
19 177 10
19 178 10
19 179 10
