0 0 10
0 1 10
0 2 10
0 3 10
0 4 10
0 5 10
0 6 10
0 7 10
0 8 10
0 9 10
0 10 10
0 11 10
0 12 10
0 13 10
0 14 10
0 15 10
0 16 10
0 17 10
0 18 10
0 19 10
0 20 10
0 21 10
0 22 10
0 23 10
0 24 10
0 25 10
0 26 10
0 27 10
0 28 10
0 29 10
1 0 10
1 1 10
1 2 10
1 3 10
1 4 10
1 5 10
1 6 10
1 7 10
1 8 10
1 9 10
1 10 10
1 11 10
1 12 10
1 13 10
1 14 10
1 15 10
1 16 10
1 17 10
1 18 10
1 19 10
1 20 10
1 21 10
1 22 10
1 23 10
1 24 10
1 25 10
1 26 10
1 27 10
1 28 10
1 29 10
2 0 10
2 1 10
2 2 10
2 3 10
2 4 10
2 5 10
2 6 10
2 7 10
2 8 10
2 9 10
2 10 10
2 11 10
2 12 10
2 13 10
2 14 10
2 15 10
2 16 10
2 17 10
2 18 10
2 19 10
2 20 10
2 21 10
2 22 10
2 23 10
2 24 10
2 25 10
2 26 10
2 27 10
2 28 10
2 29 10
3 0 10
3 1 10
3 2 10
3 3 10
3 4 10
3 5 10
3 6 10
3 7 10
3 8 10
3 9 10
3 10 10
3 11 10
3 12 10
3 13 10
3 14 10
3 15 10
3 16 10
3 17 10
3 18 10
3 19 10
3 20 10
3 21 10
3 22 10
3 23 10
3 24 10
3 25 10
3 26 10
3 27 10
3 28 10
3 29 10
4 0 10
4 1 10
4 2 10
4 3 10
4 4 10
4 5 10
4 6 10
4 7 10
4 8 10
4 9 -10
4 10 -10
4 11 -10
4 12 -10
4 13 -10
4 14 -10
4 15 -10
4 16 -10
4 17 -10
4 18 -10
4 19 10
4 20 10
4 21 10
4 22 10
4 23 10
4 24 10
4 25 10
4 26 10
4 27 10
4 28 10
4 29 10
5 0 10
5 1 10
5 2 10
5 3 10
5 4 10
5 5 10
5 6 10
5 7 10
5 8 10
5 9 10
5 10 10
5 11 10
5 12 10
5 13 10
5 14 10
5 15 10
5 16 10
5 17 10
5 18 10
5 19 10
5 20 10
5 21 10
5 22 10
5 23 10
5 24 10
5 25 10
5 26 10
5 27 10
5 28 10
5 29 10
6 0 10
6 1 10
6 2 10
6 3 10
6 4 10
6 5 10
6 6 10
6 7 10
6 8 10
6 9 10
6 10 10
6 11 10
6 12 10
6 13 10
6 14 10
6 15 10
6 16 10
6 17 10
6 18 10
6 19 10
6 20 10
6 21 10
6 22 10
6 23 10
6 24 10
6 25 10
6 26 10
6 27 10
6 28 10
6 29 10
7 0 10
7 1 10
7 2 10
7 3 10
7 4 10
7 5 10
7 6 10
7 7 10
7 8 10
7 9 10
7 10 10
7 11 10
7 12 10
7 13 -10
7 14 -10
7 15 -10
7 16 -10
7 17 -10
7 18 -10
7 19 -10
7 20 -10
7 21 -10
7 22 -10
7 23 10
7 24 10
7 25 10
7 26 10
7 27 10
7 28 10
7 29 10
8 0 10
8 1 10
8 2 10
8 3 10
8 4 10
8 5 10
8 6 10
8 7 10
8 8 10
8 9 10
8 10 -1
8 11 10
8 12 10
8 13 10
8 14 10
8 15 10
8 16 10
8 17 10
8 18 10
8 19 10
8 20 10
8 21 10
8 22 10
8 23 10
8 24 10
8 25 10
8 26 10
8 27 10
8 28 10
8 29 10
9 0 10
9 1 10
9 2 10
9 3 10
9 4 10
9 5 10
9 6 10
9 7 10
9 8 10
9 9 10
9 10 10
9 11 10
9 12 10
9 13 10
9 14 10
9 15 10
9 16 10
9 17 10
9 18 10
9 19 10
9 20 10
9 21 10
9 22 10
9 23 10
9 24 10
9 25 10
9 26 10
9 27 10
9 28 10
9 29 10
10 0 10
10 1 10
10 2 10
10 3 10
10 4 10
10 5 10
10 6 10
10 7 10
10 8 10
10 9 10
10 10 10
10 11 10
10 12 10
10 13 10
10 14 10
10 15 10
10 16 10
10 17 10
10 18 10
10 19 10
10 20 10
10 21 10
10 22 10
10 23 10
10 24 10
10 25 10
10 26 10
10 27 10
10 28 10
10 29 10
11 0 10
11 1 10
11 2 10
11 3 10
11 4 10
11 5 10
11 6 10
11 7 10
11 8 10
11 9 10
11 10 10
11 11 10
11 12 10
11 13 10
11 14 10
11 15 10
11 16 10
11 17 10
11 18 10
11 19 10
11 20 10
11 21 10
11 22 10
11 23 10
11 24 10
11 25 10
11 26 10
11 27 10
11 28 10
11 29 10
12 0 10
12 1 10
12 2 10
12 3 10
12 4 10
12 5 10
12 6 10
12 7 10
12 8 10
12 9 10
12 10 10
12 11 10
12 12 10
12 13 10
12 14 10
12 15 10
12 16 10
12 17 10
12 18 10
12 19 10
12 20 10
12 21 10
12 22 10
12 23 10
12 24 10
12 25 10
12 26 10
12 27 10
12 28 10
12 29 10
13 0 10
13 1 10
13 2 10
13 3 10
13 4 10
13 5 10
13 6 10
13 7 10
13 8 10
13 9 10
13 10 10
13 11 10
13 12 10
13 13 10
13 14 10
13 15 10
13 16 10
13 17 10
13 18 10
13 19 10
13 20 10
13 21 10
13 22 10
13 23 10
13 24 10
13 25 10
13 26 10
13 27 10
13 28 10
13 29 10
14 0 10
14 1 10
14 2 10
14 3 10
14 4 10
14 5 10
14 6 10
14 7 10
14 8 10
14 9 10
14 10 10
14 11 10
14 12 10
14 13 10
14 14 10
14 15 10
14 16 10
14 17 10
14 18 10
14 19 10
14 20 10
14 21 10
14 22 10
14 23 10
14 24 10
14 25 10
14 26 10
14 27 10
14 28 10
14 29 10
15 0 10
15 1 10
15 2 10
15 3 10
15 4 10
15 5 10
15 6 10
15 7 10
15 8 10
15 9 10
15 10 10
15 11 10
15 12 10
15 13 10
15 14 10
15 15 10
15 16 10
15 17 10
15 18 10
15 19 10
15 20 10
15 21 10
15 22 10
15 23 10
15 24 10
15 25 10
15 26 10
15 27 10
15 28 10
15 29 10
16 0 10
16 1 10
16 2 10
16 3 10
16 4 10
16 5 10
16 6 10
16 7 10
16 8 10
16 9 10
16 10 10
16 11 10
16 12 10
16 13 10
16 14 10
16 15 10
16 16 10
16 17 10
16 18 10
16 19 10
16 20 10
16 21 10
16 22 10
16 23 10
16 24 10
16 25 10
16 26 10
16 27 10
16 28 10
16 29 10
17 0 10
17 1 10
17 2 10
17 3 10
17 4 10
17 5 10
17 6 10
17 7 10
17 8 10
17 9 10
17 10 10
17 11 10
17 12 10
17 13 10
17 14 10
17 15 10
17 16 10
17 17 10
17 18 10
17 19 10
17 20 10
17 21 10
17 22 10
17 23 10
17 24 10
17 25 10
17 26 10
17 27 10
17 28 10
17 29 10
18 0 10
18 1 10
18 2 10
18 3 10
18 4 10
18 5 10
18 6 10
18 7 10
18 8 10
18 9 10
18 10 10
18 11 10
18 12 10
18 13 10
18 14 10
18 15 10
18 16 10
18 17 10
18 18 10
18 19 10
18 20 10
18 21 10
18 22 10
18 23 10
18 24 10
18 25 10
18 26 10
18 27 10
18 28 10
18 29 10
19 0 10
19 1 10
19 2 10
19 3 10
19 4 10
19 5 10
19 6 10
19 7 -1
19 8 10
19 9 10
19 10 10
19 11 10
19 12 10
19 13 10
19 14 10
19 15 10
19 16 10
19 17 10
19 18 10
19 19 10
19 20 10
19 21 10
19 22 10
19 23 10
19 24 10
19 25 10
19 26 10
19 27 10
19 28 10
19 29 10
