0 0 5
0 1 5
0 2 5
0 3 5
0 4 5
0 5 5
0 6 5
0 7 5
0 8 5
0 9 5
0 10 5
0 11 5
0 12 5
0 13 5
0 14 5
0 15 5
0 16 5
0 17 5
0 18 5
0 19 5
0 20 5
0 21 5
0 22 5
0 23 5
0 24 5
0 25 5
0 26 5
0 27 5
0 28 5
0 29 5
0 30 5
0 31 5
0 32 5
0 33 5
0 34 5
0 35 5
0 36 5
0 37 5
0 38 5
0 39 5
0 40 5
0 41 5
0 42 5
0 43 5
0 44 5
0 45 5
0 46 5
0 47 5
0 48 5
0 49 5
0 50 5
0 51 5
0 52 5
0 53 5
0 54 5
0 55 5
0 56 5
0 57 5
0 58 5
0 59 5
0 60 5
0 61 5
0 62 5
0 63 5
0 64 5
0 65 -1
0 66 5
0 67 5
0 68 5
0 69 5
0 70 5
0 71 5
0 72 5
0 73 5
0 74 5
0 75 5
0 76 5
0 77 5
0 78 5
0 79 5
0 80 5
0 81 5
0 82 5
0 83 5
0 84 5
0 85 5
0 86 5
0 87 5
0 88 5
0 89 5
0 90 5
0 91 5
0 92 5
0 93 5
0 94 5
0 95 5
0 96 5
0 97 5
0 98 5
0 99 5
0 100 5
0 101 5
0 102 5
0 103 5
0 104 5
0 105 5
0 106 5
0 107 5
0 108 5
0 109 5
0 110 5
0 111 5
0 112 5
0 113 5
0 114 5
0 115 5
0 116 5
0 117 5
0 118 5
0 119 5
0 120 5
0 121 5
0 122 5
0 123 5
0 124 5
0 125 5
0 126 5
0 127 5
0 128 5
0 129 5
0 130 5
0 131 5
0 132 5
0 133 5
0 134 5
0 135 5
0 136 5
0 137 5
0 138 5
0 139 5
0 140 5
0 141 5
0 142 5
0 143 5
0 144 5
0 145 5
0 146 5
0 147 5
0 148 5
0 149 5
0 150 5
0 151 5
0 152 5
0 153 5
0 154 5
0 155 5
0 156 5
0 157 5
0 158 5
0 159 5
0 160 5
0 161 5
0 162 5
0 163 5
0 164 5
0 165 5
0 166 5
0 167 5
0 168 5
0 169 5
0 170 5
0 171 5
0 172 5
0 173 5
0 174 5
0 175 5
0 176 5
0 177 5
0 178 5
0 179 5
0 180 5
0 181 5
0 182 5
0 183 -10
0 184 -10
0 185 -10
0 186 -10
0 187 -10
0 188 -10
0 189 -10
0 190 -10
0 191 -10
0 192 -10
0 193 -10
0 194 -10
0 195 -10
0 196 -10
0 197 -10
0 198 -10
0 199 -10
0 200 -10
0 201 -10
0 202 -10
0 203 -10
0 204 -10
0 205 -10
0 206 -10
0 207 -10
0 208 -10
0 209 -10
0 210 -10
0 211 -10
0 212 -10
0 213 5
0 214 5
0 215 5
0 216 5
0 217 5
0 218 5
0 219 5
0 220 5
0 221 5
0 222 5
0 223 5
0 224 5
0 225 5
0 226 5
0 227 5
0 228 5
0 229 5
0 230 5
0 231 5
0 232 5
0 233 5
0 234 5
0 235 5
0 236 5
0 237 5
0 238 5
0 239 5
0 240 5
0 241 5
0 242 5
0 243 5
0 244 5
0 245 5
0 246 5
0 247 5
0 248 5
0 249 5
0 250 5
0 251 5
0 252 5
0 253 5
0 254 5
0 255 5
0 256 5
0 257 5
0 258 5
0 259 5
0 260 5
0 261 5
0 262 5
0 263 5
0 264 5
0 265 5
0 266 5
0 267 5
0 268 5
0 269 5
0 270 5
0 271 5
0 272 5
0 273 5
0 274 5
0 275 5
0 276 5
0 277 5
0 278 5
0 279 5
0 280 5
0 281 5
0 282 5
0 283 5
0 284 5
0 285 5
0 286 5
0 287 5
0 288 5
0 289 5
0 290 5
0 291 5
0 292 5
0 293 5
0 294 5
0 295 5
0 296 5
0 297 5
0 298 5
0 299 5
0 300 5
0 301 5
0 302 5
0 303 5
0 304 5
0 305 5
0 306 5
0 307 5
0 308 5
0 309 5
0 310 5
0 311 5
0 312 5
0 313 5
0 314 5
0 315 5
0 316 5
0 317 5
0 318 5
0 319 5
0 320 5
0 321 5
0 322 5
0 323 5
0 324 5
0 325 5
0 326 5
0 327 5
0 328 5
0 329 5
0 330 5
0 331 5
0 332 5
0 333 5
0 334 5
0 335 5
0 336 5
0 337 5
0 338 5
0 339 5
0 340 5
0 341 5
0 342 5
0 343 5
0 344 5
0 345 5
0 346 5
0 347 5
0 348 5
0 349 5
0 350 5
0 351 5
0 352 5
0 353 5
0 354 5
0 355 5
0 356 5
0 357 5
0 358 5
0 359 5
1 0 5
1 1 5
1 2 5
1 3 5
1 4 5
1 5 5
1 6 5
1 7 5
1 8 5
1 9 5
1 10 5
1 11 5
1 12 5
1 13 5
1 14 5
1 15 5
1 16 5
1 17 5
1 18 5
1 19 5
1 20 5
1 21 5
1 22 5
1 23 5
1 24 5
1 25 5
1 26 5
1 27 5
1 28 5
1 29 5
1 30 5
1 31 5
1 32 5
1 33 5
1 34 5
1 35 5
1 36 5
1 37 5
1 38 5
1 39 5
1 40 5
1 41 5
1 42 5
1 43 5
1 44 5
1 45 5
1 46 5
1 47 5
1 48 5
1 49 5
1 50 5
1 51 5
1 52 5
1 53 5
1 54 5
1 55 5
1 56 5
1 57 5
1 58 5
1 59 5
1 60 5
1 61 5
1 62 5
1 63 5
1 64 5
1 65 5
1 66 5
1 67 5
1 68 5
1 69 5
1 70 5
1 71 5
1 72 5
1 73 5
1 74 5
1 75 5
1 76 5
1 77 5
1 78 5
1 79 -10
1 80 -10
1 81 -10
1 82 -10
1 83 -10
1 84 -10
1 85 -10
1 86 -10
1 87 -10
1 88 -10
1 89 -10
1 90 -10
1 91 -10
1 92 -10
1 93 -10
1 94 -10
1 95 -10
1 96 -10
1 97 -10
1 98 -10
1 99 -10
1 100 -10
1 101 -10
1 102 -10
1 103 -10
1 104 -10
1 105 -10
1 106 -10
1 107 -10
1 108 -10
1 109 5
1 110 5
1 111 5
1 112 5
1 113 5
1 114 5
1 115 5
1 116 5
1 117 5
1 118 5
1 119 5
1 120 5
1 121 5
1 122 5
1 123 5
1 124 5
1 125 5
1 126 5
1 127 5
1 128 5
1 129 5
1 130 5
1 131 5
1 132 5
1 133 5
1 134 5
1 135 5
1 136 5
1 137 5
1 138 5
1 139 5
1 140 5
1 141 5
1 142 5
1 143 5
1 144 5
1 145 5
1 146 5
1 147 5
1 148 5
1 149 5
1 150 5
1 151 5
1 152 5
1 153 5
1 154 5
1 155 5
1 156 5
1 157 5
1 158 5
1 159 5
1 160 5
1 161 5
1 162 5
1 163 5
1 164 5
1 165 5
1 166 5
1 167 5
1 168 5
1 169 5
1 170 5
1 171 5
1 172 5
1 173 5
1 174 5
1 175 5
1 176 5
1 177 5
1 178 5
1 179 5
1 180 5
1 181 5
1 182 5
1 183 5
1 184 5
1 185 5
1 186 5
1 187 5
1 188 5
1 189 5
1 190 5
1 191 5
1 192 5
1 193 5
1 194 -1
1 195 5
1 196 5
1 197 5
1 198 5
1 199 5
1 200 5
1 201 5
1 202 5
1 203 5
1 204 5
1 205 5
1 206 5
1 207 5
1 208 5
1 209 5
1 210 5
1 211 5
1 212 5
1 213 5
1 214 5
1 215 5
1 216 5
1 217 5
1 218 5
1 219 5
1 220 5
1 221 5
1 222 5
1 223 5
1 224 5
1 225 5
1 226 5
1 227 5
1 228 5
1 229 5
1 230 5
1 231 5
1 232 5
1 233 5
1 234 5
1 235 5
1 236 5
1 237 5
1 238 5
1 239 5
1 240 5
1 241 5
1 242 5
1 243 5
1 244 5
1 245 5
1 246 5
1 247 5
1 248 5
1 249 5
1 250 5
1 251 5
1 252 5
1 253 5
1 254 5
1 255 5
1 256 5
1 257 5
1 258 5
1 259 5
1 260 5
1 261 5
1 262 5
1 263 5
1 264 5
1 265 5
1 266 5
1 267 5
1 268 5
1 269 5
1 270 5
1 271 5
1 272 5
1 273 5
1 274 5
1 275 5
1 276 5
1 277 5
1 278 5
1 279 5
1 280 5
1 281 5
1 282 5
1 283 5
1 284 5
1 285 5
1 286 5
1 287 5
1 288 5
1 289 5
1 290 5
1 291 5
1 292 5
1 293 5
1 294 5
1 295 5
1 296 5
1 297 5
1 298 5
1 299 5
1 300 5
1 301 5
1 302 5
1 303 5
1 304 5
1 305 5
1 306 5
1 307 5
1 308 5
1 309 5
1 310 5
1 311 5
1 312 5
1 313 5
1 314 5
1 315 5
1 316 5
1 317 5
1 318 5
1 319 5
1 320 5
1 321 5
1 322 5
1 323 5
1 324 5
1 325 5
1 326 5
1 327 5
1 328 5
1 329 5
1 330 5
1 331 5
1 332 5
1 333 5
1 334 5
1 335 5
1 336 5
1 337 5
1 338 5
1 339 5
1 340 5
1 341 5
1 342 5
1 343 5
1 344 5
1 345 5
1 346 5
1 347 5
1 348 5
1 349 5
1 350 5
1 351 5
1 352 5
1 353 5
1 354 5
1 355 5
1 356 5
1 357 5
1 358 5
1 359 5
2 0 5
2 1 5
2 2 5
2 3 5
2 4 5
2 5 5
2 6 5
2 7 5
2 8 5
2 9 5
2 10 5
2 11 5
2 12 5
2 13 5
2 14 5
2 15 5
2 16 5
2 17 5
2 18 5
2 19 5
2 20 5
2 21 5
2 22 5
2 23 5
2 24 5
2 25 5
2 26 5
2 27 5
2 28 5
2 29 5
2 30 5
2 31 5
2 32 5
2 33 5
2 34 5
2 35 5
2 36 5
2 37 5
2 38 5
2 39 5
2 40 5
2 41 5
2 42 5
2 43 5
2 44 5
2 45 5
2 46 5
2 47 5
2 48 5
2 49 5
2 50 5
2 51 5
2 52 5
2 53 5
2 54 5
2 55 5
2 56 5
2 57 5
2 58 5
2 59 5
2 60 5
2 61 5
2 62 5
2 63 5
2 64 5
2 65 5
2 66 5
2 67 5
2 68 5
2 69 5
2 70 5
2 71 5
2 72 5
2 73 5
2 74 5
2 75 5
2 76 5
2 77 5
2 78 5
2 79 5
2 80 5
2 81 5
2 82 -1
2 83 5
2 84 5
2 85 5
2 86 5
2 87 5
2 88 5
2 89 5
2 90 5
2 91 5
2 92 5
2 93 5
2 94 5
2 95 5
2 96 5
2 97 5
2 98 5
2 99 5
2 100 5
2 101 5
2 102 5
2 103 5
2 104 5
2 105 5
2 106 5
2 107 5
2 108 5
2 109 5
2 110 5
2 111 5
2 112 5
2 113 5
2 114 5
2 115 5
2 116 5
2 117 5
2 118 5
2 119 5
2 120 5
2 121 5
2 122 5
2 123 5
2 124 5
2 125 5
2 126 5
2 127 5
2 128 5
2 129 5
2 130 5
2 131 5
2 132 5
2 133 5
2 134 5
2 135 5
2 136 5
2 137 5
2 138 5
2 139 5
2 140 5
2 141 5
2 142 5
2 143 5
2 144 5
2 145 5
2 146 5
2 147 5
2 148 5
2 149 5
2 150 5
2 151 5
2 152 5
2 153 5
2 154 5
2 155 5
2 156 5
2 157 5
2 158 5
2 159 5
2 160 5
2 161 5
2 162 5
2 163 5
2 164 5
2 165 5
2 166 5
2 167 5
2 168 5
2 169 5
2 170 5
2 171 5
2 172 5
2 173 5
2 174 5
2 175 5
2 176 5
2 177 5
2 178 5
2 179 5
2 180 5
2 181 5
2 182 5
2 183 5
2 184 5
2 185 -10
2 186 -10
2 187 -10
2 188 -10
2 189 -10
2 190 -10
2 191 -10
2 192 -10
2 193 -10
2 194 -10
2 195 -10
2 196 -10
2 197 -10
2 198 -10
2 199 -10
2 200 5
2 201 5
2 202 5
2 203 5
2 204 5
2 205 5
2 206 5
2 207 5
2 208 5
2 209 5
2 210 5
2 211 5
2 212 5
2 213 5
2 214 5
2 215 5
2 216 5
2 217 5
2 218 5
2 219 5
2 220 5
2 221 5
2 222 5
2 223 5
2 224 5
2 225 5
2 226 5
2 227 5
2 228 5
2 229 5
2 230 5
2 231 5
2 232 5
2 233 5
2 234 5
2 235 5
2 236 5
2 237 5
2 238 5
2 239 5
2 240 5
2 241 5
2 242 5
2 243 5
2 244 5
2 245 5
2 246 5
2 247 5
2 248 5
2 249 5
2 250 5
2 251 5
2 252 5
2 253 5
2 254 5
2 255 5
2 256 5
2 257 5
2 258 5
2 259 5
2 260 5
2 261 5
2 262 5
2 263 5
2 264 5
2 265 5
2 266 5
2 267 5
2 268 5
2 269 5
2 270 5
2 271 5
2 272 5
2 273 5
2 274 -10
2 275 -10
2 276 -10
2 277 -10
2 278 -10
2 279 -10
2 280 -10
2 281 -10
2 282 -10
2 283 -10
2 284 -10
2 285 -10
2 286 -10
2 287 -10
2 288 -10
2 289 5
2 290 5
2 291 5
2 292 5
2 293 5
2 294 5
2 295 5
2 296 5
2 297 5
2 298 5
2 299 5
2 300 5
2 301 5
2 302 5
2 303 5
2 304 5
2 305 5
2 306 5
2 307 5
2 308 5
2 309 5
2 310 5
2 311 5
2 312 5
2 313 5
2 314 5
2 315 5
2 316 5
2 317 5
2 318 5
2 319 5
2 320 5
2 321 5
2 322 5
2 323 5
2 324 5
2 325 5
2 326 5
2 327 5
2 328 5
2 329 5
2 330 5
2 331 5
2 332 5
2 333 5
2 334 5
2 335 5
2 336 5
2 337 5
2 338 5
2 339 5
2 340 5
2 341 5
2 342 5
2 343 5
2 344 5
2 345 5
2 346 5
2 347 5
2 348 5
2 349 5
2 350 5
2 351 5
2 352 5
2 353 5
2 354 5
2 355 5
2 356 5
2 357 5
2 358 5
2 359 5
3 0 5
3 1 5
3 2 5
3 3 5
3 4 5
3 5 5
3 6 5
3 7 5
3 8 5
3 9 5
3 10 5
3 11 5
3 12 5
3 13 5
3 14 5
3 15 5
3 16 5
3 17 5
3 18 5
3 19 5
3 20 5
3 21 5
3 22 5
3 23 5
3 24 5
3 25 5
3 26 5
3 27 5
3 28 5
3 29 5
3 30 5
3 31 5
3 32 5
3 33 5
3 34 5
3 35 5
3 36 5
3 37 5
3 38 5
3 39 5
3 40 5
3 41 5
3 42 5
3 43 5
3 44 5
3 45 5
3 46 5
3 47 5
3 48 5
3 49 5
3 50 5
3 51 5
3 52 -10
3 53 -10
3 54 -10
3 55 -10
3 56 -10
3 57 -10
3 58 -10
3 59 -10
3 60 -10
3 61 -10
3 62 -10
3 63 -10
3 64 -10
3 65 -10
3 66 -10
3 67 5
3 68 5
3 69 5
3 70 5
3 71 5
3 72 5
3 73 5
3 74 5
3 75 5
3 76 5
3 77 5
3 78 5
3 79 5
3 80 5
3 81 5
3 82 5
3 83 5
3 84 5
3 85 5
3 86 5
3 87 5
3 88 5
3 89 5
3 90 5
3 91 5
3 92 5
3 93 5
3 94 5
3 95 5
3 96 5
3 97 5
3 98 5
3 99 5
3 100 5
3 101 5
3 102 5
3 103 5
3 104 5
3 105 5
3 106 5
3 107 5
3 108 5
3 109 5
3 110 5
3 111 5
3 112 5
3 113 5
3 114 5
3 115 5
3 116 5
3 117 5
3 118 5
3 119 5
3 120 5
3 121 5
3 122 5
3 123 5
3 124 5
3 125 5
3 126 5
3 127 5
3 128 5
3 129 5
3 130 5
3 131 5
3 132 5
3 133 5
3 134 5
3 135 5
3 136 5
3 137 5
3 138 5
3 139 5
3 140 5
3 141 5
3 142 5
3 143 5
3 144 5
3 145 -1
3 146 5
3 147 5
3 148 5
3 149 5
3 150 5
3 151 5
3 152 5
3 153 5
3 154 5
3 155 5
3 156 5
3 157 5
3 158 5
3 159 5
3 160 5
3 161 5
3 162 5
3 163 5
3 164 5
3 165 5
3 166 5
3 167 5
3 168 5
3 169 5
3 170 5
3 171 5
3 172 5
3 173 5
3 174 5
3 175 5
3 176 5
3 177 5
3 178 5
3 179 5
3 180 5
3 181 5
3 182 5
3 183 5
3 184 5
3 185 5
3 186 5
3 187 5
3 188 5
3 189 5
3 190 5
3 191 5
3 192 5
3 193 5
3 194 5
3 195 5
3 196 5
3 197 5
3 198 5
3 199 5
3 200 5
3 201 5
3 202 5
3 203 5
3 204 5
3 205 5
3 206 5
3 207 5
3 208 5
3 209 5
3 210 5
3 211 5
3 212 5
3 213 5
3 214 5
3 215 5
3 216 5
3 217 5
3 218 5
3 219 5
3 220 5
3 221 5
3 222 5
3 223 5
3 224 5
3 225 5
3 226 5
3 227 5
3 228 5
3 229 5
3 230 5
3 231 5
3 232 5
3 233 5
3 234 5
3 235 5
3 236 5
3 237 5
3 238 5
3 239 5
3 240 5
3 241 5
3 242 5
3 243 5
3 244 5
3 245 5
3 246 5
3 247 5
3 248 5
3 249 5
3 250 5
3 251 5
3 252 5
3 253 5
3 254 5
3 255 5
3 256 5
3 257 -10
3 258 -10
3 259 -10
3 260 -10
3 261 -10
3 262 -10
3 263 -10
3 264 -10
3 265 -10
3 266 -10
3 267 5
3 268 5
3 269 5
3 270 5
3 271 5
3 272 5
3 273 5
3 274 5
3 275 5
3 276 5
3 277 5
3 278 5
3 279 5
3 280 5
3 281 5
3 282 5
3 283 5
3 284 5
3 285 5
3 286 5
3 287 5
3 288 5
3 289 5
3 290 5
3 291 -10
3 292 -10
3 293 -10
3 294 -10
3 295 -10
3 296 5
3 297 5
3 298 5
3 299 5
3 300 5
3 301 5
3 302 5
3 303 5
3 304 5
3 305 5
3 306 5
3 307 5
3 308 5
3 309 5
3 310 5
3 311 5
3 312 5
3 313 5
3 314 5
3 315 5
3 316 5
3 317 5
3 318 5
3 319 5
3 320 5
3 321 5
3 322 5
3 323 5
3 324 5
3 325 5
3 326 5
3 327 5
3 328 5
3 329 5
3 330 5
3 331 5
3 332 5
3 333 5
3 334 5
3 335 5
3 336 5
3 337 5
3 338 5
3 339 5
3 340 5
3 341 5
3 342 5
3 343 5
3 344 5
3 345 5
3 346 5
3 347 5
3 348 5
3 349 5
3 350 5
3 351 5
3 352 5
3 353 5
3 354 5
3 355 5
3 356 5
3 357 5
3 358 5
3 359 5
4 0 5
4 1 5
4 2 5
4 3 5
4 4 5
4 5 5
4 6 5
4 7 5
4 8 5
4 9 5
4 10 5
4 11 5
4 12 5
4 13 5
4 14 5
4 15 5
4 16 5
4 17 5
4 18 5
4 19 5
4 20 5
4 21 5
4 22 5
4 23 5
4 24 5
4 25 5
4 26 5
4 27 5
4 28 5
4 29 5
4 30 5
4 31 5
4 32 5
4 33 5
4 34 5
4 35 5
4 36 5
4 37 5
4 38 5
4 39 5
4 40 5
4 41 5
4 42 5
4 43 5
4 44 5
4 45 5
4 46 5
4 47 5
4 48 5
4 49 5
4 50 5
4 51 5
4 52 5
4 53 5
4 54 5
4 55 5
4 56 5
4 57 5
4 58 5
4 59 5
4 60 5
4 61 5
4 62 5
4 63 5
4 64 5
4 65 5
4 66 5
4 67 5
4 68 5
4 69 5
4 70 5
4 71 5
4 72 5
4 73 5
4 74 5
4 75 5
4 76 5
4 77 5
4 78 5
4 79 5
4 80 5
4 81 5
4 82 5
4 83 5
4 84 5
4 85 5
4 86 5
4 87 5
4 88 5
4 89 5
4 90 5
4 91 5
4 92 5
4 93 5
4 94 5
4 95 5
4 96 5
4 97 5
4 98 5
4 99 5
4 100 5
4 101 -1
4 102 5
4 103 5
4 104 5
4 105 5
4 106 5
4 107 5
4 108 5
4 109 5
4 110 5
4 111 5
4 112 5
4 113 5
4 114 5
4 115 5
4 116 5
4 117 5
4 118 5
4 119 5
4 120 5
4 121 5
4 122 5
4 123 5
4 124 5
4 125 5
4 126 5
4 127 5
4 128 5
4 129 5
4 130 5
4 131 5
4 132 5
4 133 5
4 134 5
4 135 5
4 136 5
4 137 5
4 138 5
4 139 5
4 140 5
4 141 5
4 142 5
4 143 5
4 144 5
4 145 5
4 146 5
4 147 5
4 148 5
4 149 5
4 150 5
4 151 5
4 152 5
4 153 5
4 154 5
4 155 5
4 156 5
4 157 5
4 158 5
4 159 5
4 160 5
4 161 5
4 162 5
4 163 5
4 164 5
4 165 5
4 166 5
4 167 5
4 168 5
4 169 5
4 170 5
4 171 5
4 172 5
4 173 5
4 174 5
4 175 5
4 176 5
4 177 5
4 178 5
4 179 5
4 180 5
4 181 5
4 182 5
4 183 5
4 184 5
4 185 5
4 186 5
4 187 5
4 188 5
4 189 5
4 190 5
4 191 5
4 192 5
4 193 5
4 194 5
4 195 5
4 196 5
4 197 5
4 198 5
4 199 5
4 200 5
4 201 5
4 202 5
4 203 5
4 204 5
4 205 5
4 206 5
4 207 5
4 208 5
4 209 5
4 210 5
4 211 5
4 212 5
4 213 5
4 214 5
4 215 5
4 216 5
4 217 5
4 218 5
4 219 5
4 220 5
4 221 5
4 222 5
4 223 5
4 224 5
4 225 5
4 226 5
4 227 5
4 228 5
4 229 5
4 230 5
4 231 5
4 232 5
4 233 5
4 234 5
4 235 5
4 236 5
4 237 5
4 238 5
4 239 5
4 240 5
4 241 5
4 242 5
4 243 5
4 244 5
4 245 5
4 246 5
4 247 5
4 248 5
4 249 5
4 250 5
4 251 5
4 252 5
4 253 5
4 254 5
4 255 5
4 256 5
4 257 5
4 258 5
4 259 5
4 260 5
4 261 5
4 262 5
4 263 5
4 264 5
4 265 5
4 266 5
4 267 5
4 268 5
4 269 5
4 270 5
4 271 5
4 272 5
4 273 5
4 274 5
4 275 5
4 276 5
4 277 5
4 278 5
4 279 5
4 280 5
4 281 5
4 282 5
4 283 5
4 284 5
4 285 5
4 286 5
4 287 -10
4 288 -10
4 289 -10
4 290 -10
4 291 -10
4 292 -10
4 293 -10
4 294 -10
4 295 -10
4 296 -10
4 297 -10
4 298 -10
4 299 -10
4 300 -10
4 301 -10
4 302 -10
4 303 -10
4 304 -10
4 305 -10
4 306 -10
4 307 -10
4 308 -10
4 309 -10
4 310 -10
4 311 -10
4 312 -10
4 313 -10
4 314 -10
4 315 -10
4 316 -10
4 317 5
4 318 5
4 319 5
4 320 5
4 321 5
4 322 5
4 323 5
4 324 5
4 325 5
4 326 5
4 327 5
4 328 5
4 329 5
4 330 5
4 331 5
4 332 5
4 333 5
4 334 5
4 335 5
4 336 5
4 337 5
4 338 5
4 339 5
4 340 5
4 341 5
4 342 5
4 343 5
4 344 5
4 345 5
4 346 5
4 347 5
4 348 5
4 349 5
4 350 5
4 351 5
4 352 5
4 353 5
4 354 5
4 355 5
4 356 5
4 357 5
4 358 5
4 359 5
5 0 5
5 1 5
5 2 5
5 3 5
5 4 5
5 5 5
5 6 5
5 7 5
5 8 5
5 9 5
5 10 5
5 11 5
5 12 5
5 13 5
5 14 5
5 15 5
5 16 5
5 17 5
5 18 5
5 19 5
5 20 5
5 21 5
5 22 5
5 23 5
5 24 5
5 25 5
5 26 5
5 27 5
5 28 5
5 29 5
5 30 5
5 31 5
5 32 5
5 33 5
5 34 5
5 35 5
5 36 5
5 37 5
5 38 5
5 39 5
5 40 5
5 41 5
5 42 5
5 43 5
5 44 5
5 45 5
5 46 5
5 47 5
5 48 5
5 49 5
5 50 5
5 51 5
5 52 5
5 53 5
5 54 5
5 55 5
5 56 5
5 57 -10
5 58 -10
5 59 -10
5 60 -10
5 61 -10
5 62 -10
5 63 -10
5 64 -10
5 65 -10
5 66 -10
5 67 -10
5 68 -10
5 69 -10
5 70 -10
5 71 -10
5 72 5
5 73 5
5 74 5
5 75 5
5 76 5
5 77 5
5 78 5
5 79 5
5 80 5
5 81 5
5 82 5
5 83 5
5 84 5
5 85 5
5 86 5
5 87 5
5 88 5
5 89 5
5 90 5
5 91 5
5 92 5
5 93 5
5 94 5
5 95 -1
5 96 5
5 97 5
5 98 5
5 99 5
5 100 5
5 101 5
5 102 5
5 103 5
5 104 5
5 105 5
5 106 5
5 107 5
5 108 5
5 109 5
5 110 5
5 111 5
5 112 5
5 113 5
5 114 5
5 115 5
5 116 5
5 117 5
5 118 5
5 119 5
5 120 5
5 121 5
5 122 5
5 123 5
5 124 5
5 125 5
5 126 5
5 127 5
5 128 5
5 129 5
5 130 5
5 131 5
5 132 5
5 133 5
5 134 5
5 135 5
5 136 5
5 137 5
5 138 5
5 139 5
5 140 5
5 141 5
5 142 5
5 143 5
5 144 5
5 145 5
5 146 5
5 147 5
5 148 5
5 149 5
5 150 5
5 151 5
5 152 5
5 153 5
5 154 5
5 155 5
5 156 5
5 157 5
5 158 5
5 159 5
5 160 5
5 161 5
5 162 5
5 163 5
5 164 5
5 165 5
5 166 5
5 167 5
5 168 5
5 169 5
5 170 5
5 171 5
5 172 5
5 173 5
5 174 5
5 175 5
5 176 5
5 177 5
5 178 5
5 179 5
5 180 5
5 181 5
5 182 5
5 183 5
5 184 5
5 185 5
5 186 5
5 187 5
5 188 5
5 189 5
5 190 5
5 191 5
5 192 5
5 193 5
5 194 5
5 195 5
5 196 5
5 197 5
5 198 5
5 199 5
5 200 5
5 201 5
5 202 5
5 203 5
5 204 5
5 205 5
5 206 5
5 207 5
5 208 5
5 209 5
5 210 5
5 211 5
5 212 5
5 213 5
5 214 5
5 215 5
5 216 5
5 217 5
5 218 5
5 219 5
5 220 5
5 221 5
5 222 5
5 223 5
5 224 5
5 225 5
5 226 5
5 227 5
5 228 5
5 229 5
5 230 5
5 231 5
5 232 5
5 233 5
5 234 5
5 235 5
5 236 5
5 237 5
5 238 5
5 239 5
5 240 5
5 241 5
5 242 5
5 243 5
5 244 5
5 245 5
5 246 5
5 247 5
5 248 5
5 249 5
5 250 5
5 251 5
5 252 5
5 253 5
5 254 5
5 255 5
5 256 5
5 257 5
5 258 5
5 259 5
5 260 5
5 261 5
5 262 5
5 263 5
5 264 5
5 265 5
5 266 5
5 267 5
5 268 5
5 269 5
5 270 5
5 271 5
5 272 5
5 273 5
5 274 5
5 275 5
5 276 5
5 277 5
5 278 5
5 279 5
5 280 5
5 281 5
5 282 5
5 283 5
5 284 5
5 285 5
5 286 5
5 287 5
5 288 5
5 289 5
5 290 5
5 291 5
5 292 5
5 293 5
5 294 5
5 295 5
5 296 5
5 297 5
5 298 5
5 299 5
5 300 5
5 301 5
5 302 5
5 303 5
5 304 5
5 305 5
5 306 5
5 307 5
5 308 5
5 309 5
5 310 5
5 311 5
5 312 5
5 313 -10
5 314 -10
5 315 -10
5 316 -10
5 317 -10
5 318 -10
5 319 -10
5 320 -10
5 321 -10
5 322 -10
5 323 5
5 324 5
5 325 5
5 326 5
5 327 5
5 328 5
5 329 5
5 330 5
5 331 5
5 332 5
5 333 5
5 334 5
5 335 5
5 336 5
5 337 5
5 338 5
5 339 5
5 340 5
5 341 5
5 342 5
5 343 -10
5 344 -10
5 345 -10
5 346 -10
5 347 -10
5 348 5
5 349 5
5 350 5
5 351 5
5 352 5
5 353 5
5 354 5
5 355 5
5 356 5
5 357 5
5 358 5
5 359 5
6 0 5
6 1 5
6 2 5
6 3 5
6 4 5
6 5 5
6 6 5
6 7 5
6 8 5
6 9 5
6 10 5
6 11 5
6 12 5
6 13 5
6 14 5
6 15 5
6 16 5
6 17 5
6 18 5
6 19 5
6 20 5
6 21 5
6 22 5
6 23 5
6 24 5
6 25 5
6 26 5
6 27 5
6 28 5
6 29 5
6 30 5
6 31 5
6 32 5
6 33 5
6 34 5
6 35 5
6 36 5
6 37 5
6 38 5
6 39 5
6 40 5
6 41 5
6 42 5
6 43 5
6 44 5
6 45 5
6 46 5
6 47 5
6 48 5
6 49 5
6 50 5
6 51 5
6 52 5
6 53 5
6 54 5
6 55 5
6 56 5
6 57 5
6 58 5
6 59 5
6 60 5
6 61 5
6 62 5
6 63 5
6 64 5
6 65 5
6 66 5
6 67 5
6 68 5
6 69 5
6 70 5
6 71 5
6 72 5
6 73 5
6 74 5
6 75 5
6 76 5
6 77 5
6 78 5
6 79 5
6 80 5
6 81 5
6 82 5
6 83 5
6 84 5
6 85 5
6 86 5
6 87 5
6 88 5
6 89 5
6 90 5
6 91 5
6 92 5
6 93 5
6 94 5
6 95 5
6 96 5
6 97 5
6 98 5
6 99 5
6 100 5
6 101 5
6 102 5
6 103 5
6 104 5
6 105 5
6 106 5
6 107 5
6 108 5
6 109 5
6 110 5
6 111 5
6 112 5
6 113 5
6 114 5
6 115 5
6 116 5
6 117 5
6 118 5
6 119 5
6 120 5
6 121 5
6 122 -1
6 123 5
6 124 5
6 125 5
6 126 5
6 127 5
6 128 5
6 129 5
6 130 5
6 131 5
6 132 5
6 133 5
6 134 5
6 135 5
6 136 5
6 137 5
6 138 5
6 139 5
6 140 5
6 141 5
6 142 5
6 143 5
6 144 5
6 145 5
6 146 5
6 147 5
6 148 5
6 149 5
6 150 5
6 151 5
6 152 5
6 153 5
6 154 5
6 155 5
6 156 5
6 157 5
6 158 5
6 159 5
6 160 5
6 161 -10
6 162 -10
6 163 -10
6 164 -10
6 165 -10
6 166 -10
6 167 -10
6 168 -10
6 169 -10
6 170 -10
6 171 -10
6 172 -10
6 173 -10
6 174 -10
6 175 -10
6 176 5
6 177 5
6 178 5
6 179 5
6 180 5
6 181 5
6 182 5
6 183 5
6 184 5
6 185 5
6 186 5
6 187 5
6 188 5
6 189 5
6 190 5
6 191 5
6 192 5
6 193 5
6 194 5
6 195 5
6 196 5
6 197 5
6 198 5
6 199 5
6 200 5
6 201 5
6 202 5
6 203 5
6 204 5
6 205 5
6 206 5
6 207 5
6 208 5
6 209 5
6 210 5
6 211 5
6 212 5
6 213 5
6 214 5
6 215 5
6 216 5
6 217 5
6 218 5
6 219 5
6 220 5
6 221 5
6 222 5
6 223 5
6 224 5
6 225 5
6 226 5
6 227 5
6 228 5
6 229 5
6 230 5
6 231 5
6 232 5
6 233 5
6 234 5
6 235 5
6 236 5
6 237 5
6 238 5
6 239 5
6 240 5
6 241 5
6 242 5
6 243 5
6 244 5
6 245 5
6 246 5
6 247 5
6 248 5
6 249 5
6 250 5
6 251 5
6 252 5
6 253 5
6 254 5
6 255 5
6 256 5
6 257 5
6 258 5
6 259 5
6 260 5
6 261 5
6 262 5
6 263 5
6 264 5
6 265 5
6 266 5
6 267 5
6 268 5
6 269 5
6 270 5
6 271 5
6 272 5
6 273 5
6 274 5
6 275 5
6 276 5
6 277 5
6 278 5
6 279 5
6 280 5
6 281 5
6 282 5
6 283 5
6 284 5
6 285 5
6 286 5
6 287 5
6 288 5
6 289 5
6 290 5
6 291 5
6 292 5
6 293 5
6 294 5
6 295 5
6 296 5
6 297 5
6 298 5
6 299 5
6 300 5
6 301 5
6 302 5
6 303 5
6 304 5
6 305 5
6 306 5
6 307 5
6 308 5
6 309 -10
6 310 -10
6 311 -10
6 312 -10
6 313 -10
6 314 -10
6 315 -10
6 316 -10
6 317 -10
6 318 -10
6 319 -10
6 320 -10
6 321 -10
6 322 -10
6 323 -10
6 324 5
6 325 5
6 326 5
6 327 5
6 328 5
6 329 5
6 330 5
6 331 5
6 332 5
6 333 5
6 334 5
6 335 5
6 336 5
6 337 5
6 338 5
6 339 5
6 340 5
6 341 5
6 342 5
6 343 5
6 344 5
6 345 5
6 346 5
6 347 5
6 348 5
6 349 5
6 350 5
6 351 5
6 352 5
6 353 5
6 354 5
6 355 5
6 356 5
6 357 5
6 358 5
6 359 5
7 0 5
7 1 5
7 2 5
7 3 5
7 4 5
7 5 5
7 6 5
7 7 5
7 8 5
7 9 5
7 10 5
7 11 5
7 12 5
7 13 5
7 14 5
7 15 5
7 16 5
7 17 5
7 18 5
7 19 5
7 20 5
7 21 5
7 22 5
7 23 5
7 24 5
7 25 5
7 26 5
7 27 5
7 28 5
7 29 5
7 30 5
7 31 5
7 32 5
7 33 5
7 34 5
7 35 5
7 36 5
7 37 5
7 38 5
7 39 5
7 40 5
7 41 5
7 42 5
7 43 5
7 44 5
7 45 5
7 46 5
7 47 5
7 48 5
7 49 5
7 50 5
7 51 5
7 52 5
7 53 5
7 54 5
7 55 5
7 56 5
7 57 5
7 58 5
7 59 5
7 60 5
7 61 5
7 62 5
7 63 5
7 64 5
7 65 5
7 66 5
7 67 5
7 68 5
7 69 5
7 70 5
7 71 5
7 72 5
7 73 5
7 74 5
7 75 5
7 76 5
7 77 5
7 78 5
7 79 5
7 80 5
7 81 -10
7 82 -10
7 83 -10
7 84 -10
7 85 -10
7 86 -10
7 87 -10
7 88 -10
7 89 -10
7 90 -10
7 91 -10
7 92 -10
7 93 -10
7 94 -10
7 95 -10
7 96 -10
7 97 -10
7 98 -10
7 99 -10
7 100 -10
7 101 -10
7 102 -10
7 103 -10
7 104 -10
7 105 -10
7 106 -10
7 107 -10
7 108 -10
7 109 -10
7 110 -10
7 111 5
7 112 5
7 113 5
7 114 5
7 115 5
7 116 5
7 117 5
7 118 5
7 119 5
7 120 5
7 121 5
7 122 5
7 123 5
7 124 5
7 125 5
7 126 5
7 127 5
7 128 5
7 129 5
7 130 5
7 131 5
7 132 5
7 133 5
7 134 5
7 135 5
7 136 5
7 137 5
7 138 5
7 139 5
7 140 5
7 141 5
7 142 5
7 143 5
7 144 5
7 145 5
7 146 5
7 147 5
7 148 5
7 149 5
7 150 5
7 151 5
7 152 5
7 153 5
7 154 5
7 155 5
7 156 5
7 157 5
7 158 5
7 159 5
7 160 5
7 161 5
7 162 5
7 163 5
7 164 5
7 165 5
7 166 5
7 167 5
7 168 5
7 169 5
7 170 5
7 171 5
7 172 5
7 173 5
7 174 5
7 175 5
7 176 5
7 177 5
7 178 5
7 179 5
7 180 5
7 181 5
7 182 5
7 183 5
7 184 5
7 185 5
7 186 5
7 187 5
7 188 5
7 189 5
7 190 5
7 191 5
7 192 5
7 193 5
7 194 5
7 195 5
7 196 5
7 197 5
7 198 5
7 199 5
7 200 5
7 201 5
7 202 5
7 203 5
7 204 5
7 205 5
7 206 5
7 207 5
7 208 5
7 209 5
7 210 5
7 211 5
7 212 5
7 213 5
7 214 5
7 215 5
7 216 5
7 217 5
7 218 5
7 219 5
7 220 5
7 221 5
7 222 5
7 223 5
7 224 5
7 225 5
7 226 5
7 227 5
7 228 5
7 229 5
7 230 5
7 231 5
7 232 5
7 233 5
7 234 -1
7 235 5
7 236 5
7 237 5
7 238 5
7 239 5
7 240 5
7 241 5
7 242 5
7 243 5
7 244 5
7 245 5
7 246 5
7 247 5
7 248 5
7 249 5
7 250 5
7 251 5
7 252 5
7 253 5
7 254 5
7 255 5
7 256 5
7 257 5
7 258 5
7 259 5
7 260 5
7 261 5
7 262 5
7 263 5
7 264 5
7 265 5
7 266 5
7 267 5
7 268 5
7 269 5
7 270 5
7 271 5
7 272 5
7 273 5
7 274 5
7 275 5
7 276 5
7 277 5
7 278 5
7 279 5
7 280 5
7 281 5
7 282 5
7 283 5
7 284 5
7 285 5
7 286 5
7 287 5
7 288 5
7 289 5
7 290 5
7 291 5
7 292 5
7 293 5
7 294 5
7 295 5
7 296 5
7 297 5
7 298 5
7 299 5
7 300 5
7 301 5
7 302 5
7 303 5
7 304 5
7 305 5
7 306 5
7 307 5
7 308 5
7 309 5
7 310 5
7 311 5
7 312 5
7 313 5
7 314 5
7 315 5
7 316 5
7 317 5
7 318 5
7 319 5
7 320 5
7 321 5
7 322 5
7 323 5
7 324 5
7 325 5
7 326 5
7 327 5
7 328 5
7 329 5
7 330 5
7 331 5
7 332 5
7 333 5
7 334 5
7 335 5
7 336 5
7 337 5
7 338 5
7 339 5
7 340 5
7 341 5
7 342 5
7 343 5
7 344 5
7 345 5
7 346 5
7 347 5
7 348 5
7 349 5
7 350 5
7 351 5
7 352 5
7 353 5
7 354 5
7 355 5
7 356 5
7 357 5
7 358 5
7 359 5
8 0 5
8 1 5
8 2 5
8 3 5
8 4 5
8 5 5
8 6 5
8 7 5
8 8 5
8 9 5
8 10 5
8 11 5
8 12 5
8 13 5
8 14 5
8 15 5
8 16 5
8 17 5
8 18 5
8 19 5
8 20 5
8 21 5
8 22 5
8 23 5
8 24 5
8 25 5
8 26 5
8 27 5
8 28 5
8 29 5
8 30 5
8 31 5
8 32 5
8 33 5
8 34 5
8 35 5
8 36 5
8 37 5
8 38 5
8 39 5
8 40 5
8 41 5
8 42 5
8 43 5
8 44 5
8 45 5
8 46 5
8 47 5
8 48 5
8 49 5
8 50 5
8 51 5
8 52 5
8 53 5
8 54 5
8 55 5
8 56 5
8 57 5
8 58 5
8 59 5
8 60 5
8 61 5
8 62 5
8 63 5
8 64 5
8 65 5
8 66 5
8 67 5
8 68 5
8 69 5
8 70 5
8 71 5
8 72 5
8 73 5
8 74 5
8 75 5
8 76 5
8 77 5
8 78 5
8 79 5
8 80 5
8 81 5
8 82 5
8 83 5
8 84 5
8 85 5
8 86 5
8 87 5
8 88 5
8 89 5
8 90 5
8 91 5
8 92 5
8 93 5
8 94 5
8 95 5
8 96 5
8 97 5
8 98 5
8 99 5
8 100 5
8 101 5
8 102 5
8 103 5
8 104 5
8 105 5
8 106 5
8 107 5
8 108 5
8 109 5
8 110 5
8 111 5
8 112 5
8 113 5
8 114 5
8 115 5
8 116 5
8 117 5
8 118 5
8 119 5
8 120 5
8 121 5
8 122 5
8 123 5
8 124 5
8 125 5
8 126 5
8 127 5
8 128 5
8 129 5
8 130 5
8 131 5
8 132 5
8 133 5
8 134 5
8 135 5
8 136 5
8 137 5
8 138 5
8 139 5
8 140 5
8 141 5
8 142 5
8 143 5
8 144 5
8 145 5
8 146 5
8 147 5
8 148 5
8 149 5
8 150 5
8 151 5
8 152 5
8 153 5
8 154 5
8 155 5
8 156 5
8 157 5
8 158 5
8 159 5
8 160 5
8 161 5
8 162 5
8 163 5
8 164 5
8 165 5
8 166 5
8 167 5
8 168 5
8 169 5
8 170 5
8 171 5
8 172 5
8 173 5
8 174 5
8 175 5
8 176 5
8 177 5
8 178 5
8 179 5
8 180 5
8 181 5
8 182 5
8 183 5
8 184 5
8 185 5
8 186 5
8 187 5
8 188 5
8 189 5
8 190 5
8 191 5
8 192 5
8 193 5
8 194 5
8 195 5
8 196 5
8 197 5
8 198 5
8 199 5
8 200 5
8 201 5
8 202 5
8 203 5
8 204 5
8 205 5
8 206 5
8 207 5
8 208 5
8 209 5
8 210 5
8 211 5
8 212 5
8 213 5
8 214 5
8 215 5
8 216 5
8 217 5
8 218 5
8 219 5
8 220 5
8 221 5
8 222 5
8 223 5
8 224 5
8 225 5
8 226 5
8 227 5
8 228 5
8 229 5
8 230 5
8 231 5
8 232 5
8 233 5
8 234 5
8 235 5
8 236 5
8 237 5
8 238 5
8 239 5
8 240 5
8 241 5
8 242 5
8 243 5
8 244 5
8 245 5
8 246 5
8 247 5
8 248 5
8 249 5
8 250 5
8 251 5
8 252 5
8 253 5
8 254 5
8 255 5
8 256 5
8 257 5
8 258 5
8 259 5
8 260 5
8 261 5
8 262 5
8 263 5
8 264 5
8 265 -10
8 266 -10
8 267 -10
8 268 -10
8 269 -10
8 270 -10
8 271 -10
8 272 -10
8 273 -10
8 274 -10
8 275 -10
8 276 -10
8 277 -10
8 278 -10
8 279 -10
8 280 5
8 281 5
8 282 5
8 283 5
8 284 5
8 285 5
8 286 5
8 287 5
8 288 5
8 289 5
8 290 5
8 291 5
8 292 5
8 293 5
8 294 5
8 295 5
8 296 5
8 297 -1
8 298 5
8 299 5
8 300 5
8 301 5
8 302 5
8 303 5
8 304 5
8 305 5
8 306 5
8 307 5
8 308 5
8 309 5
8 310 5
8 311 5
8 312 5
8 313 5
8 314 -10
8 315 -10
8 316 -10
8 317 -10
8 318 -10
8 319 -10
8 320 -10
8 321 -10
8 322 -10
8 323 -10
8 324 5
8 325 5
8 326 5
8 327 5
8 328 5
8 329 5
8 330 5
8 331 5
8 332 5
8 333 5
8 334 5
8 335 5
8 336 5
8 337 5
8 338 5
8 339 5
8 340 5
8 341 5
8 342 5
8 343 5
8 344 5
8 345 5
8 346 5
8 347 5
8 348 5
8 349 5
8 350 5
8 351 5
8 352 -10
8 353 -10
8 354 -10
8 355 -10
8 356 -10
8 357 5
8 358 5
8 359 5
9 0 5
9 1 5
9 2 5
9 3 5
9 4 5
9 5 5
9 6 5
9 7 5
9 8 5
9 9 5
9 10 5
9 11 5
9 12 5
9 13 5
9 14 5
9 15 5
9 16 5
9 17 5
9 18 5
9 19 5
9 20 5
9 21 5
9 22 5
9 23 5
9 24 5
9 25 5
9 26 5
9 27 5
9 28 5
9 29 5
9 30 5
9 31 5
9 32 5
9 33 5
9 34 5
9 35 5
9 36 5
9 37 5
9 38 5
9 39 5
9 40 5
9 41 5
9 42 5
9 43 5
9 44 5
9 45 5
9 46 5
9 47 5
9 48 5
9 49 5
9 50 5
9 51 5
9 52 5
9 53 5
9 54 5
9 55 5
9 56 5
9 57 5
9 58 5
9 59 5
9 60 5
9 61 5
9 62 5
9 63 5
9 64 5
9 65 5
9 66 5
9 67 5
9 68 5
9 69 5
9 70 5
9 71 5
9 72 5
9 73 5
9 74 -10
9 75 -10
9 76 -10
9 77 -10
9 78 -10
9 79 -10
9 80 -10
9 81 -10
9 82 -10
9 83 -10
9 84 -10
9 85 -10
9 86 -10
9 87 -10
9 88 -10
9 89 5
9 90 5
9 91 5
9 92 5
9 93 5
9 94 5
9 95 5
9 96 5
9 97 5
9 98 5
9 99 5
9 100 5
9 101 5
9 102 5
9 103 5
9 104 5
9 105 5
9 106 5
9 107 5
9 108 5
9 109 5
9 110 5
9 111 5
9 112 5
9 113 5
9 114 5
9 115 5
9 116 5
9 117 5
9 118 5
9 119 5
9 120 5
9 121 5
9 122 5
9 123 5
9 124 5
9 125 5
9 126 5
9 127 5
9 128 5
9 129 5
9 130 5
9 131 5
9 132 5
9 133 5
9 134 5
9 135 5
9 136 5
9 137 5
9 138 5
9 139 5
9 140 5
9 141 5
9 142 5
9 143 5
9 144 5
9 145 5
9 146 5
9 147 5
9 148 5
9 149 5
9 150 5
9 151 5
9 152 5
9 153 5
9 154 5
9 155 5
9 156 5
9 157 5
9 158 5
9 159 5
9 160 5
9 161 5
9 162 5
9 163 5
9 164 5
9 165 5
9 166 5
9 167 5
9 168 5
9 169 5
9 170 5
9 171 5
9 172 5
9 173 5
9 174 5
9 175 5
9 176 5
9 177 5
9 178 5
9 179 5
9 180 5
9 181 5
9 182 5
9 183 5
9 184 5
9 185 5
9 186 5
9 187 5
9 188 5
9 189 5
9 190 5
9 191 5
9 192 5
9 193 5
9 194 5
9 195 5
9 196 5
9 197 5
9 198 5
9 199 5
9 200 5
9 201 5
9 202 5
9 203 5
9 204 5
9 205 5
9 206 5
9 207 5
9 208 5
9 209 5
9 210 5
9 211 5
9 212 5
9 213 5
9 214 5
9 215 5
9 216 5
9 217 5
9 218 5
9 219 5
9 220 5
9 221 5
9 222 5
9 223 5
9 224 5
9 225 5
9 226 5
9 227 5
9 228 5
9 229 5
9 230 5
9 231 5
9 232 5
9 233 5
9 234 5
9 235 5
9 236 5
9 237 5
9 238 5
9 239 5
9 240 5
9 241 5
9 242 5
9 243 5
9 244 5
9 245 5
9 246 5
9 247 5
9 248 5
9 249 5
9 250 5
9 251 5
9 252 5
9 253 5
9 254 5
9 255 5
9 256 5
9 257 5
9 258 5
9 259 5
9 260 5
9 261 5
9 262 5
9 263 5
9 264 5
9 265 5
9 266 5
9 267 5
9 268 5
9 269 -10
9 270 -10
9 271 -10
9 272 -10
9 273 -10
9 274 -10
9 275 -10
9 276 -10
9 277 -10
9 278 -10
9 279 5
9 280 -1
9 281 5
9 282 5
9 283 5
9 284 5
9 285 5
9 286 5
9 287 5
9 288 5
9 289 5
9 290 5
9 291 5
9 292 5
9 293 5
9 294 5
9 295 5
9 296 5
9 297 5
9 298 5
9 299 5
9 300 5
9 301 5
9 302 5
9 303 5
9 304 5
9 305 5
9 306 5
9 307 5
9 308 5
9 309 5
9 310 5
9 311 5
9 312 5
9 313 5
9 314 5
9 315 5
9 316 5
9 317 5
9 318 5
9 319 -10
9 320 -10
9 321 -10
9 322 -10
9 323 -10
9 324 5
9 325 5
9 326 5
9 327 5
9 328 5
9 329 5
9 330 5
9 331 5
9 332 5
9 333 5
9 334 5
9 335 5
9 336 5
9 337 5
9 338 5
9 339 5
9 340 5
9 341 5
9 342 5
9 343 5
9 344 5
9 345 5
9 346 5
9 347 5
9 348 5
9 349 5
9 350 5
9 351 5
9 352 5
9 353 5
9 354 5
9 355 5
9 356 5
9 357 5
9 358 5
9 359 5
10 0 5
10 1 5
10 2 5
10 3 5
10 4 5
10 5 5
10 6 5
10 7 5
10 8 5
10 9 5
10 10 5
10 11 5
10 12 5
10 13 5
10 14 5
10 15 5
10 16 5
10 17 5
10 18 5
10 19 5
10 20 5
10 21 5
10 22 5
10 23 5
10 24 5
10 25 5
10 26 5
10 27 5
10 28 5
10 29 5
10 30 5
10 31 5
10 32 5
10 33 5
10 34 5
10 35 5
10 36 5
10 37 5
10 38 5
10 39 5
10 40 5
10 41 5
10 42 5
10 43 5
10 44 5
10 45 5
10 46 5
10 47 5
10 48 5
10 49 5
10 50 5
10 51 5
10 52 5
10 53 5
10 54 5
10 55 5
10 56 5
10 57 5
10 58 5
10 59 5
10 60 5
10 61 5
10 62 5
10 63 5
10 64 5
10 65 5
10 66 5
10 67 5
10 68 5
10 69 5
10 70 5
10 71 5
10 72 5
10 73 5
10 74 5
10 75 5
10 76 5
10 77 5
10 78 5
10 79 5
10 80 5
10 81 5
10 82 5
10 83 5
10 84 5
10 85 5
10 86 5
10 87 5
10 88 5
10 89 5
10 90 5
10 91 5
10 92 5
10 93 -10
10 94 -10
10 95 -10
10 96 -10
10 97 -10
10 98 -10
10 99 -10
10 100 -10
10 101 -10
10 102 -10
10 103 -10
10 104 -10
10 105 -10
10 106 -10
10 107 -10
10 108 5
10 109 5
10 110 5
10 111 5
10 112 5
10 113 5
10 114 5
10 115 5
10 116 5
10 117 5
10 118 5
10 119 5
10 120 -1
10 121 5
10 122 5
10 123 5
10 124 5
10 125 5
10 126 5
10 127 5
10 128 5
10 129 5
10 130 5
10 131 5
10 132 5
10 133 5
10 134 5
10 135 5
10 136 5
10 137 5
10 138 5
10 139 5
10 140 5
10 141 5
10 142 5
10 143 5
10 144 5
10 145 5
10 146 5
10 147 5
10 148 5
10 149 5
10 150 5
10 151 5
10 152 5
10 153 5
10 154 5
10 155 5
10 156 5
10 157 5
10 158 5
10 159 5
10 160 5
10 161 5
10 162 5
10 163 5
10 164 5
10 165 5
10 166 5
10 167 5
10 168 5
10 169 5
10 170 5
10 171 5
10 172 5
10 173 5
10 174 5
10 175 5
10 176 5
10 177 5
10 178 5
10 179 5
10 180 5
10 181 5
10 182 5
10 183 5
10 184 5
10 185 5
10 186 5
10 187 5
10 188 5
10 189 5
10 190 5
10 191 5
10 192 5
10 193 5
10 194 5
10 195 5
10 196 5
10 197 5
10 198 5
10 199 5
10 200 5
10 201 5
10 202 5
10 203 5
10 204 5
10 205 5
10 206 5
10 207 5
10 208 5
10 209 5
10 210 5
10 211 5
10 212 5
10 213 5
10 214 5
10 215 5
10 216 5
10 217 5
10 218 5
10 219 5
10 220 5
10 221 5
10 222 5
10 223 5
10 224 5
10 225 5
10 226 5
10 227 5
10 228 5
10 229 5
10 230 5
10 231 5
10 232 5
10 233 5
10 234 5
10 235 5
10 236 5
10 237 5
10 238 5
10 239 5
10 240 5
10 241 5
10 242 5
10 243 5
10 244 5
10 245 5
10 246 5
10 247 5
10 248 5
10 249 5
10 250 5
10 251 5
10 252 5
10 253 5
10 254 5
10 255 5
10 256 5
10 257 5
10 258 5
10 259 5
10 260 5
10 261 5
10 262 5
10 263 5
10 264 5
10 265 5
10 266 5
10 267 5
10 268 5
10 269 5
10 270 5
10 271 5
10 272 5
10 273 5
10 274 5
10 275 5
10 276 5
10 277 5
10 278 5
10 279 5
10 280 5
10 281 5
10 282 5
10 283 5
10 284 5
10 285 5
10 286 -10
10 287 -10
10 288 -10
10 289 -10
10 290 -10
10 291 -10
10 292 -10
10 293 -10
10 294 -10
10 295 -10
10 296 -10
10 297 -10
10 298 -10
10 299 -10
10 300 -10
10 301 5
10 302 5
10 303 5
10 304 5
10 305 5
10 306 5
10 307 5
10 308 5
10 309 5
10 310 5
10 311 5
10 312 5
10 313 5
10 314 5
10 315 5
10 316 5
10 317 5
10 318 5
10 319 5
10 320 5
10 321 5
10 322 5
10 323 5
10 324 5
10 325 5
10 326 5
10 327 5
10 328 5
10 329 5
10 330 5
10 331 5
10 332 5
10 333 5
10 334 5
10 335 5
10 336 5
10 337 5
10 338 5
10 339 5
10 340 5
10 341 5
10 342 5
10 343 5
10 344 5
10 345 5
10 346 5
10 347 5
10 348 5
10 349 5
10 350 5
10 351 5
10 352 5
10 353 5
10 354 5
10 355 5
10 356 5
10 357 5
10 358 5
10 359 5
11 0 5
11 1 5
11 2 5
11 3 5
11 4 5
11 5 5
11 6 5
11 7 5
11 8 5
11 9 5
11 10 5
11 11 5
11 12 5
11 13 5
11 14 5
11 15 5
11 16 5
11 17 5
11 18 5
11 19 5
11 20 5
11 21 5
11 22 5
11 23 5
11 24 5
11 25 5
11 26 5
11 27 5
11 28 5
11 29 5
11 30 5
11 31 5
11 32 5
11 33 5
11 34 5
11 35 5
11 36 5
11 37 5
11 38 5
11 39 5
11 40 5
11 41 5
11 42 5
11 43 5
11 44 5
11 45 5
11 46 5
11 47 5
11 48 5
11 49 5
11 50 5
11 51 5
11 52 5
11 53 5
11 54 5
11 55 5
11 56 5
11 57 5
11 58 5
11 59 5
11 60 5
11 61 5
11 62 5
11 63 5
11 64 5
11 65 5
11 66 5
11 67 5
11 68 5
11 69 5
11 70 5
11 71 5
11 72 5
11 73 -1
11 74 5
11 75 5
11 76 5
11 77 5
11 78 5
11 79 5
11 80 5
11 81 5
11 82 5
11 83 5
11 84 5
11 85 5
11 86 5
11 87 5
11 88 5
11 89 5
11 90 5
11 91 5
11 92 5
11 93 5
11 94 5
11 95 5
11 96 5
11 97 5
11 98 5
11 99 5
11 100 5
11 101 5
11 102 5
11 103 5
11 104 5
11 105 5
11 106 5
11 107 5
11 108 5
11 109 5
11 110 5
11 111 5
11 112 5
11 113 5
11 114 5
11 115 5
11 116 5
11 117 5
11 118 5
11 119 5
11 120 5
11 121 5
11 122 5
11 123 5
11 124 5
11 125 5
11 126 5
11 127 5
11 128 5
11 129 5
11 130 5
11 131 5
11 132 5
11 133 5
11 134 5
11 135 5
11 136 5
11 137 5
11 138 5
11 139 -10
11 140 -10
11 141 -10
11 142 -10
11 143 -10
11 144 -10
11 145 -10
11 146 -10
11 147 -10
11 148 -10
11 149 -10
11 150 -10
11 151 -10
11 152 -10
11 153 -10
11 154 5
11 155 5
11 156 5
11 157 5
11 158 5
11 159 5
11 160 5
11 161 5
11 162 5
11 163 5
11 164 5
11 165 5
11 166 5
11 167 5
11 168 5
11 169 5
11 170 5
11 171 5
11 172 5
11 173 5
11 174 5
11 175 5
11 176 5
11 177 5
11 178 5
11 179 5
11 180 5
11 181 5
11 182 5
11 183 5
11 184 5
11 185 5
11 186 5
11 187 5
11 188 5
11 189 5
11 190 5
11 191 5
11 192 5
11 193 5
11 194 5
11 195 5
11 196 5
11 197 5
11 198 5
11 199 5
11 200 5
11 201 5
11 202 5
11 203 5
11 204 5
11 205 5
11 206 5
11 207 5
11 208 5
11 209 5
11 210 5
11 211 5
11 212 5
11 213 5
11 214 5
11 215 5
11 216 5
11 217 5
11 218 5
11 219 5
11 220 5
11 221 5
11 222 5
11 223 5
11 224 5
11 225 5
11 226 5
11 227 5
11 228 5
11 229 5
11 230 5
11 231 5
11 232 5
11 233 5
11 234 5
11 235 5
11 236 5
11 237 5
11 238 5
11 239 5
11 240 5
11 241 5
11 242 5
11 243 5
11 244 5
11 245 5
11 246 5
11 247 5
11 248 5
11 249 5
11 250 5
11 251 5
11 252 5
11 253 5
11 254 5
11 255 5
11 256 5
11 257 5
11 258 5
11 259 5
11 260 5
11 261 5
11 262 5
11 263 5
11 264 5
11 265 5
11 266 5
11 267 5
11 268 5
11 269 5
11 270 5
11 271 5
11 272 5
11 273 5
11 274 5
11 275 5
11 276 5
11 277 5
11 278 5
11 279 5
11 280 5
11 281 5
11 282 5
11 283 5
11 284 5
11 285 5
11 286 5
11 287 5
11 288 5
11 289 5
11 290 5
11 291 5
11 292 5
11 293 5
11 294 5
11 295 5
11 296 5
11 297 5
11 298 5
11 299 5
11 300 5
11 301 5
11 302 5
11 303 5
11 304 5
11 305 5
11 306 5
11 307 5
11 308 5
11 309 5
11 310 5
11 311 5
11 312 5
11 313 5
11 314 5
11 315 5
11 316 5
11 317 5
11 318 5
11 319 5
11 320 5
11 321 5
11 322 5
11 323 5
11 324 5
11 325 5
11 326 5
11 327 5
11 328 5
11 329 5
11 330 5
11 331 5
11 332 5
11 333 5
11 334 -10
11 335 -10
11 336 -10
11 337 -10
11 338 -10
11 339 -10
11 340 -10
11 341 -10
11 342 -10
11 343 -10
11 344 -10
11 345 -10
11 346 -10
11 347 -10
11 348 -10
11 349 5
11 350 5
11 351 5
11 352 5
11 353 5
11 354 5
11 355 5
11 356 5
11 357 5
11 358 5
11 359 5
12 0 5
12 1 5
12 2 5
12 3 5
12 4 5
12 5 5
12 6 5
12 7 5
12 8 5
12 9 5
12 10 5
12 11 5
12 12 5
12 13 5
12 14 5
12 15 5
12 16 5
12 17 5
12 18 5
12 19 5
12 20 5
12 21 5
12 22 5
12 23 5
12 24 5
12 25 5
12 26 5
12 27 5
12 28 5
12 29 5
12 30 5
12 31 -10
12 32 -10
12 33 -10
12 34 -10
12 35 -10
12 36 -10
12 37 -10
12 38 -10
12 39 -10
12 40 -10
12 41 -10
12 42 -10
12 43 -10
12 44 -10
12 45 -10
12 46 -10
12 47 -10
12 48 -10
12 49 -10
12 50 -10
12 51 -10
12 52 -10
12 53 -10
12 54 -10
12 55 -10
12 56 -10
12 57 -10
12 58 -10
12 59 -10
12 60 -10
12 61 5
12 62 5
12 63 5
12 64 5
12 65 5
12 66 5
12 67 5
12 68 5
12 69 5
12 70 5
12 71 5
12 72 5
12 73 5
12 74 5
12 75 5
12 76 5
12 77 5
12 78 5
12 79 5
12 80 5
12 81 5
12 82 5
12 83 5
12 84 5
12 85 5
12 86 5
12 87 5
12 88 5
12 89 5
12 90 5
12 91 5
12 92 5
12 93 5
12 94 5
12 95 5
12 96 5
12 97 5
12 98 5
12 99 5
12 100 5
12 101 5
12 102 5
12 103 5
12 104 5
12 105 5
12 106 5
12 107 5
12 108 5
12 109 5
12 110 5
12 111 5
12 112 5
12 113 5
12 114 5
12 115 5
12 116 5
12 117 5
12 118 5
12 119 5
12 120 5
12 121 5
12 122 5
12 123 5
12 124 5
12 125 5
12 126 5
12 127 5
12 128 5
12 129 5
12 130 5
12 131 5
12 132 5
12 133 5
12 134 5
12 135 5
12 136 5
12 137 5
12 138 5
12 139 -1
12 140 5
12 141 5
12 142 5
12 143 5
12 144 5
12 145 5
12 146 5
12 147 5
12 148 5
12 149 5
12 150 5
12 151 5
12 152 5
12 153 5
12 154 5
12 155 5
12 156 5
12 157 5
12 158 5
12 159 5
12 160 5
12 161 5
12 162 5
12 163 5
12 164 5
12 165 5
12 166 5
12 167 5
12 168 5
12 169 5
12 170 5
12 171 5
12 172 5
12 173 5
12 174 5
12 175 5
12 176 5
12 177 5
12 178 5
12 179 5
12 180 5
12 181 5
12 182 5
12 183 5
12 184 5
12 185 5
12 186 5
12 187 5
12 188 5
12 189 5
12 190 5
12 191 5
12 192 5
12 193 5
12 194 5
12 195 5
12 196 5
12 197 5
12 198 5
12 199 5
12 200 5
12 201 5
12 202 5
12 203 5
12 204 5
12 205 5
12 206 5
12 207 5
12 208 5
12 209 5
12 210 5
12 211 5
12 212 5
12 213 5
12 214 5
12 215 5
12 216 5
12 217 5
12 218 5
12 219 5
12 220 5
12 221 5
12 222 5
12 223 5
12 224 5
12 225 5
12 226 5
12 227 5
12 228 5
12 229 5
12 230 5
12 231 5
12 232 5
12 233 5
12 234 5
12 235 5
12 236 5
12 237 5
12 238 5
12 239 5
12 240 5
12 241 5
12 242 5
12 243 5
12 244 5
12 245 5
12 246 5
12 247 5
12 248 5
12 249 5
12 250 5
12 251 5
12 252 5
12 253 5
12 254 5
12 255 5
12 256 5
12 257 5
12 258 5
12 259 5
12 260 5
12 261 5
12 262 5
12 263 5
12 264 5
12 265 5
12 266 5
12 267 5
12 268 5
12 269 5
12 270 5
12 271 5
12 272 5
12 273 5
12 274 5
12 275 5
12 276 5
12 277 5
12 278 5
12 279 5
12 280 5
12 281 5
12 282 5
12 283 5
12 284 5
12 285 5
12 286 5
12 287 5
12 288 5
12 289 5
12 290 5
12 291 5
12 292 5
12 293 5
12 294 5
12 295 5
12 296 5
12 297 5
12 298 5
12 299 5
12 300 5
12 301 5
12 302 5
12 303 5
12 304 5
12 305 5
12 306 5
12 307 5
12 308 5
12 309 5
12 310 5
12 311 5
12 312 5
12 313 5
12 314 5
12 315 5
12 316 5
12 317 5
12 318 5
12 319 5
12 320 5
12 321 5
12 322 5
12 323 5
12 324 5
12 325 5
12 326 5
12 327 5
12 328 5
12 329 5
12 330 5
12 331 5
12 332 5
12 333 5
12 334 5
12 335 5
12 336 5
12 337 5
12 338 5
12 339 5
12 340 5
12 341 5
12 342 5
12 343 5
12 344 5
12 345 5
12 346 5
12 347 5
12 348 5
12 349 5
12 350 5
12 351 5
12 352 5
12 353 5
12 354 5
12 355 5
12 356 5
12 357 5
12 358 5
12 359 5
13 0 -10
13 1 -10
13 2 -10
13 3 -10
13 4 -10
13 5 -10
13 6 -10
13 7 -10
13 8 -10
13 9 -10
13 10 -10
13 11 -10
13 12 -10
13 13 -10
13 14 -10
13 15 5
13 16 5
13 17 5
13 18 5
13 19 5
13 20 5
13 21 5
13 22 5
13 23 5
13 24 5
13 25 5
13 26 5
13 27 5
13 28 5
13 29 5
13 30 5
13 31 5
13 32 5
13 33 5
13 34 5
13 35 5
13 36 5
13 37 5
13 38 5
13 39 5
13 40 5
13 41 5
13 42 5
13 43 5
13 44 5
13 45 5
13 46 5
13 47 5
13 48 5
13 49 5
13 50 5
13 51 5
13 52 5
13 53 5
13 54 5
13 55 5
13 56 5
13 57 5
13 58 5
13 59 5
13 60 5
13 61 5
13 62 5
13 63 5
13 64 5
13 65 5
13 66 5
13 67 5
13 68 5
13 69 5
13 70 5
13 71 5
13 72 5
13 73 5
13 74 5
13 75 5
13 76 5
13 77 5
13 78 5
13 79 5
13 80 5
13 81 5
13 82 5
13 83 5
13 84 5
13 85 5
13 86 5
13 87 5
13 88 5
13 89 5
13 90 5
13 91 5
13 92 5
13 93 5
13 94 5
13 95 5
13 96 5
13 97 5
13 98 5
13 99 5
13 100 5
13 101 5
13 102 5
13 103 5
13 104 5
13 105 5
13 106 5
13 107 5
13 108 5
13 109 5
13 110 5
13 111 5
13 112 5
13 113 5
13 114 5
13 115 5
13 116 5
13 117 5
13 118 5
13 119 5
13 120 5
13 121 5
13 122 5
13 123 5
13 124 5
13 125 5
13 126 5
13 127 5
13 128 5
13 129 5
13 130 5
13 131 5
13 132 5
13 133 5
13 134 5
13 135 5
13 136 5
13 137 5
13 138 5
13 139 5
13 140 5
13 141 5
13 142 5
13 143 5
13 144 5
13 145 5
13 146 5
13 147 5
13 148 5
13 149 5
13 150 5
13 151 5
13 152 5
13 153 5
13 154 5
13 155 5
13 156 5
13 157 5
13 158 5
13 159 5
13 160 5
13 161 5
13 162 5
13 163 5
13 164 5
13 165 5
13 166 5
13 167 5
13 168 5
13 169 5
13 170 5
13 171 5
13 172 5
13 173 5
13 174 5
13 175 5
13 176 5
13 177 5
13 178 5
13 179 5
13 180 5
13 181 5
13 182 5
13 183 5
13 184 -1
13 185 5
13 186 5
13 187 5
13 188 5
13 189 5
13 190 5
13 191 5
13 192 5
13 193 5
13 194 5
13 195 5
13 196 5
13 197 5
13 198 5
13 199 5
13 200 5
13 201 5
13 202 5
13 203 5
13 204 5
13 205 5
13 206 5
13 207 5
13 208 5
13 209 5
13 210 5
13 211 5
13 212 5
13 213 5
13 214 5
13 215 5
13 216 5
13 217 5
13 218 5
13 219 5
13 220 5
13 221 5
13 222 5
13 223 5
13 224 5
13 225 5
13 226 5
13 227 5
13 228 5
13 229 5
13 230 5
13 231 5
13 232 5
13 233 5
13 234 5
13 235 5
13 236 5
13 237 5
13 238 5
13 239 5
13 240 5
13 241 5
13 242 5
13 243 5
13 244 5
13 245 5
13 246 5
13 247 5
13 248 5
13 249 5
13 250 5
13 251 5
13 252 5
13 253 5
13 254 5
13 255 5
13 256 5
13 257 5
13 258 5
13 259 5
13 260 5
13 261 5
13 262 5
13 263 5
13 264 5
13 265 5
13 266 5
13 267 5
13 268 5
13 269 5
13 270 5
13 271 5
13 272 5
13 273 5
13 274 5
13 275 5
13 276 5
13 277 5
13 278 5
13 279 5
13 280 5
13 281 5
13 282 5
13 283 5
13 284 5
13 285 5
13 286 5
13 287 5
13 288 5
13 289 5
13 290 5
13 291 5
13 292 5
13 293 5
13 294 5
13 295 5
13 296 5
13 297 5
13 298 5
13 299 5
13 300 5
13 301 5
13 302 5
13 303 5
13 304 5
13 305 5
13 306 5
13 307 5
13 308 5
13 309 5
13 310 5
13 311 5
13 312 5
13 313 5
13 314 5
13 315 5
13 316 5
13 317 5
13 318 5
13 319 -10
13 320 -10
13 321 -10
13 322 -10
13 323 -10
13 324 -10
13 325 -10
13 326 -10
13 327 -10
13 328 -10
13 329 -10
13 330 -10
13 331 -10
13 332 -10
13 333 -10
13 334 5
13 335 5
13 336 5
13 337 5
13 338 5
13 339 5
13 340 5
13 341 5
13 342 5
13 343 5
13 344 5
13 345 5
13 346 5
13 347 5
13 348 5
13 349 5
13 350 5
13 351 5
13 352 5
13 353 5
13 354 5
13 355 5
13 356 5
13 357 5
13 358 5
13 359 5
14 0 5
14 1 5
14 2 5
14 3 5
14 4 5
14 5 5
14 6 5
14 7 5
14 8 5
14 9 5
14 10 5
14 11 5
14 12 5
14 13 5
14 14 5
14 15 5
14 16 5
14 17 5
14 18 5
14 19 5
14 20 5
14 21 5
14 22 5
14 23 5
14 24 5
14 25 5
14 26 5
14 27 5
14 28 5
14 29 5
14 30 5
14 31 5
14 32 5
14 33 5
14 34 5
14 35 5
14 36 5
14 37 5
14 38 5
14 39 5
14 40 -1
14 41 5
14 42 5
14 43 5
14 44 5
14 45 5
14 46 5
14 47 5
14 48 5
14 49 5
14 50 5
14 51 5
14 52 5
14 53 5
14 54 5
14 55 5
14 56 5
14 57 5
14 58 5
14 59 5
14 60 5
14 61 5
14 62 5
14 63 5
14 64 5
14 65 5
14 66 5
14 67 5
14 68 5
14 69 5
14 70 5
14 71 5
14 72 5
14 73 5
14 74 5
14 75 5
14 76 5
14 77 5
14 78 5
14 79 5
14 80 5
14 81 5
14 82 5
14 83 5
14 84 5
14 85 5
14 86 5
14 87 5
14 88 5
14 89 5
14 90 5
14 91 5
14 92 5
14 93 5
14 94 5
14 95 5
14 96 5
14 97 5
14 98 5
14 99 5
14 100 5
14 101 5
14 102 5
14 103 5
14 104 5
14 105 5
14 106 5
14 107 5
14 108 5
14 109 5
14 110 5
14 111 5
14 112 5
14 113 5
14 114 5
14 115 5
14 116 5
14 117 5
14 118 5
14 119 5
14 120 5
14 121 5
14 122 5
14 123 5
14 124 5
14 125 5
14 126 5
14 127 5
14 128 5
14 129 5
14 130 5
14 131 5
14 132 5
14 133 5
14 134 5
14 135 5
14 136 5
14 137 5
14 138 5
14 139 5
14 140 5
14 141 5
14 142 5
14 143 5
14 144 5
14 145 5
14 146 5
14 147 5
14 148 5
14 149 5
14 150 5
14 151 5
14 152 5
14 153 5
14 154 5
14 155 5
14 156 5
14 157 5
14 158 5
14 159 5
14 160 5
14 161 5
14 162 5
14 163 5
14 164 5
14 165 5
14 166 5
14 167 5
14 168 5
14 169 5
14 170 5
14 171 5
14 172 5
14 173 5
14 174 5
14 175 5
14 176 5
14 177 5
14 178 5
14 179 5
14 180 5
14 181 5
14 182 5
14 183 5
14 184 5
14 185 5
14 186 5
14 187 5
14 188 5
14 189 5
14 190 5
14 191 5
14 192 5
14 193 5
14 194 5
14 195 5
14 196 5
14 197 5
14 198 5
14 199 5
14 200 5
14 201 5
14 202 5
14 203 5
14 204 5
14 205 5
14 206 5
14 207 5
14 208 5
14 209 5
14 210 5
14 211 5
14 212 5
14 213 5
14 214 5
14 215 5
14 216 5
14 217 5
14 218 5
14 219 5
14 220 5
14 221 5
14 222 5
14 223 5
14 224 5
14 225 5
14 226 5
14 227 5
14 228 5
14 229 5
14 230 5
14 231 5
14 232 5
14 233 5
14 234 5
14 235 5
14 236 5
14 237 5
14 238 5
14 239 5
14 240 5
14 241 5
14 242 5
14 243 5
14 244 5
14 245 5
14 246 5
14 247 5
14 248 5
14 249 5
14 250 5
14 251 5
14 252 5
14 253 5
14 254 5
14 255 5
14 256 5
14 257 5
14 258 5
14 259 5
14 260 5
14 261 5
14 262 5
14 263 5
14 264 5
14 265 5
14 266 5
14 267 5
14 268 5
14 269 5
14 270 5
14 271 5
14 272 -10
14 273 -10
14 274 -10
14 275 -10
14 276 -10
14 277 -10
14 278 -10
14 279 -10
14 280 -10
14 281 -10
14 282 -10
14 283 -10
14 284 -10
14 285 -10
14 286 -10
14 287 5
14 288 5
14 289 5
14 290 5
14 291 5
14 292 5
14 293 5
14 294 5
14 295 5
14 296 5
14 297 5
14 298 5
14 299 5
14 300 5
14 301 5
14 302 5
14 303 5
14 304 5
14 305 5
14 306 5
14 307 5
14 308 5
14 309 5
14 310 5
14 311 5
14 312 -10
14 313 -10
14 314 -10
14 315 -10
14 316 -10
14 317 -10
14 318 -10
14 319 -10
14 320 -10
14 321 -10
14 322 5
14 323 5
14 324 5
14 325 5
14 326 5
14 327 5
14 328 5
14 329 5
14 330 5
14 331 5
14 332 5
14 333 5
14 334 -10
14 335 -10
14 336 -10
14 337 -10
14 338 -10
14 339 5
14 340 5
14 341 5
14 342 5
14 343 5
14 344 5
14 345 5
14 346 5
14 347 5
14 348 5
14 349 5
14 350 5
14 351 5
14 352 5
14 353 5
14 354 5
14 355 5
14 356 5
14 357 5
14 358 5
14 359 5
15 0 5
15 1 5
15 2 5
15 3 5
15 4 5
15 5 5
15 6 5
15 7 5
15 8 5
15 9 5
15 10 5
15 11 5
15 12 5
15 13 5
15 14 5
15 15 5
15 16 5
15 17 5
15 18 5
15 19 5
15 20 5
15 21 5
15 22 5
15 23 5
15 24 5
15 25 5
15 26 5
15 27 5
15 28 5
15 29 5
15 30 5
15 31 5
15 32 5
15 33 5
15 34 5
15 35 5
15 36 5
15 37 5
15 38 5
15 39 5
15 40 5
15 41 5
15 42 5
15 43 5
15 44 5
15 45 5
15 46 5
15 47 5
15 48 5
15 49 5
15 50 5
15 51 5
15 52 5
15 53 5
15 54 5
15 55 5
15 56 5
15 57 5
15 58 5
15 59 5
15 60 5
15 61 5
15 62 5
15 63 5
15 64 5
15 65 5
15 66 5
15 67 5
15 68 5
15 69 5
15 70 5
15 71 5
15 72 5
15 73 5
15 74 5
15 75 5
15 76 5
15 77 5
15 78 5
15 79 5
15 80 5
15 81 5
15 82 5
15 83 5
15 84 -10
15 85 -10
15 86 -10
15 87 -10
15 88 -10
15 89 -10
15 90 -10
15 91 -10
15 92 -10
15 93 -10
15 94 -10
15 95 -10
15 96 -10
15 97 -10
15 98 -10
15 99 -10
15 100 -10
15 101 -10
15 102 -10
15 103 -10
15 104 -10
15 105 -10
15 106 -10
15 107 -10
15 108 -10
15 109 -10
15 110 -10
15 111 -10
15 112 -10
15 113 -10
15 114 5
15 115 5
15 116 5
15 117 5
15 118 5
15 119 5
15 120 5
15 121 5
15 122 5
15 123 5
15 124 5
15 125 5
15 126 5
15 127 5
15 128 5
15 129 5
15 130 5
15 131 5
15 132 5
15 133 5
15 134 5
15 135 5
15 136 5
15 137 5
15 138 5
15 139 5
15 140 5
15 141 5
15 142 5
15 143 5
15 144 5
15 145 5
15 146 5
15 147 5
15 148 5
15 149 5
15 150 5
15 151 5
15 152 5
15 153 5
15 154 5
15 155 5
15 156 5
15 157 5
15 158 5
15 159 5
15 160 5
15 161 5
15 162 5
15 163 5
15 164 5
15 165 5
15 166 5
15 167 5
15 168 5
15 169 5
15 170 5
15 171 5
15 172 5
15 173 5
15 174 5
15 175 5
15 176 5
15 177 5
15 178 5
15 179 5
15 180 5
15 181 5
15 182 5
15 183 5
15 184 5
15 185 5
15 186 5
15 187 5
15 188 5
15 189 5
15 190 5
15 191 5
15 192 5
15 193 5
15 194 5
15 195 5
15 196 5
15 197 5
15 198 5
15 199 5
15 200 5
15 201 5
15 202 5
15 203 5
15 204 5
15 205 5
15 206 5
15 207 5
15 208 5
15 209 5
15 210 5
15 211 5
15 212 5
15 213 5
15 214 5
15 215 5
15 216 5
15 217 5
15 218 5
15 219 5
15 220 5
15 221 -1
15 222 5
15 223 5
15 224 5
15 225 5
15 226 5
15 227 5
15 228 5
15 229 5
15 230 5
15 231 5
15 232 5
15 233 5
15 234 5
15 235 5
15 236 5
15 237 5
15 238 5
15 239 5
15 240 5
15 241 5
15 242 5
15 243 5
15 244 5
15 245 5
15 246 5
15 247 5
15 248 5
15 249 5
15 250 5
15 251 5
15 252 5
15 253 5
15 254 5
15 255 5
15 256 5
15 257 5
15 258 5
15 259 5
15 260 5
15 261 5
15 262 5
15 263 5
15 264 5
15 265 5
15 266 5
15 267 5
15 268 5
15 269 5
15 270 5
15 271 5
15 272 5
15 273 5
15 274 5
15 275 5
15 276 5
15 277 5
15 278 5
15 279 5
15 280 5
15 281 5
15 282 5
15 283 5
15 284 5
15 285 5
15 286 5
15 287 5
15 288 5
15 289 5
15 290 5
15 291 5
15 292 5
15 293 5
15 294 5
15 295 5
15 296 5
15 297 5
15 298 5
15 299 5
15 300 5
15 301 5
15 302 5
15 303 5
15 304 5
15 305 5
15 306 5
15 307 5
15 308 5
15 309 5
15 310 5
15 311 5
15 312 5
15 313 5
15 314 5
15 315 5
15 316 5
15 317 5
15 318 5
15 319 5
15 320 5
15 321 5
15 322 5
15 323 5
15 324 5
15 325 5
15 326 5
15 327 5
15 328 5
15 329 5
15 330 5
15 331 5
15 332 5
15 333 5
15 334 5
15 335 5
15 336 5
15 337 5
15 338 5
15 339 5
15 340 5
15 341 5
15 342 5
15 343 5
15 344 5
15 345 5
15 346 5
15 347 5
15 348 5
15 349 5
15 350 5
15 351 5
15 352 5
15 353 5
15 354 5
15 355 5
15 356 5
15 357 5
15 358 5
15 359 5
16 0 5
16 1 5
16 2 5
16 3 5
16 4 5
16 5 5
16 6 5
16 7 5
16 8 5
16 9 5
16 10 5
16 11 5
16 12 -1
16 13 5
16 14 5
16 15 5
16 16 5
16 17 5
16 18 5
16 19 5
16 20 5
16 21 5
16 22 5
16 23 5
16 24 5
16 25 5
16 26 5
16 27 5
16 28 5
16 29 5
16 30 5
16 31 5
16 32 5
16 33 5
16 34 5
16 35 5
16 36 5
16 37 5
16 38 5
16 39 5
16 40 5
16 41 5
16 42 5
16 43 5
16 44 5
16 45 5
16 46 5
16 47 5
16 48 5
16 49 5
16 50 5
16 51 5
16 52 5
16 53 5
16 54 5
16 55 5
16 56 5
16 57 5
16 58 5
16 59 5
16 60 5
16 61 5
16 62 5
16 63 5
16 64 5
16 65 5
16 66 5
16 67 5
16 68 5
16 69 5
16 70 5
16 71 5
16 72 5
16 73 5
16 74 5
16 75 5
16 76 5
16 77 5
16 78 5
16 79 5
16 80 5
16 81 5
16 82 5
16 83 5
16 84 5
16 85 5
16 86 5
16 87 5
16 88 5
16 89 5
16 90 5
16 91 5
16 92 5
16 93 5
16 94 5
16 95 5
16 96 5
16 97 5
16 98 5
16 99 5
16 100 5
16 101 5
16 102 5
16 103 5
16 104 5
16 105 5
16 106 5
16 107 5
16 108 5
16 109 5
16 110 5
16 111 5
16 112 5
16 113 5
16 114 5
16 115 5
16 116 5
16 117 5
16 118 5
16 119 5
16 120 5
16 121 5
16 122 5
16 123 5
16 124 5
16 125 5
16 126 5
16 127 5
16 128 5
16 129 5
16 130 5
16 131 5
16 132 5
16 133 5
16 134 5
16 135 5
16 136 5
16 137 5
16 138 5
16 139 5
16 140 5
16 141 5
16 142 5
16 143 5
16 144 5
16 145 5
16 146 5
16 147 5
16 148 5
16 149 5
16 150 5
16 151 5
16 152 5
16 153 5
16 154 5
16 155 5
16 156 5
16 157 5
16 158 5
16 159 5
16 160 5
16 161 5
16 162 5
16 163 5
16 164 5
16 165 5
16 166 5
16 167 5
16 168 5
16 169 5
16 170 5
16 171 5
16 172 5
16 173 5
16 174 5
16 175 5
16 176 5
16 177 5
16 178 5
16 179 5
16 180 5
16 181 5
16 182 5
16 183 5
16 184 5
16 185 5
16 186 5
16 187 5
16 188 5
16 189 5
16 190 5
16 191 5
16 192 5
16 193 5
16 194 5
16 195 5
16 196 5
16 197 5
16 198 5
16 199 5
16 200 5
16 201 5
16 202 5
16 203 5
16 204 5
16 205 5
16 206 5
16 207 5
16 208 5
16 209 5
16 210 5
16 211 5
16 212 5
16 213 5
16 214 5
16 215 5
16 216 5
16 217 5
16 218 5
16 219 5
16 220 5
16 221 5
16 222 5
16 223 5
16 224 5
16 225 5
16 226 5
16 227 5
16 228 5
16 229 5
16 230 5
16 231 5
16 232 5
16 233 5
16 234 5
16 235 5
16 236 5
16 237 -10
16 238 -10
16 239 -10
16 240 -10
16 241 -10
16 242 -10
16 243 -10
16 244 -10
16 245 -10
16 246 -10
16 247 -10
16 248 -10
16 249 -10
16 250 -10
16 251 -10
16 252 5
16 253 5
16 254 5
16 255 5
16 256 5
16 257 5
16 258 5
16 259 5
16 260 5
16 261 5
16 262 5
16 263 5
16 264 5
16 265 5
16 266 5
16 267 5
16 268 5
16 269 5
16 270 5
16 271 5
16 272 5
16 273 5
16 274 5
16 275 5
16 276 5
16 277 5
16 278 5
16 279 5
16 280 5
16 281 5
16 282 5
16 283 5
16 284 5
16 285 5
16 286 5
16 287 5
16 288 5
16 289 5
16 290 -10
16 291 -10
16 292 -10
16 293 -10
16 294 -10
16 295 -10
16 296 -10
16 297 -10
16 298 -10
16 299 -10
16 300 -10
16 301 -10
16 302 -10
16 303 -10
16 304 -10
16 305 5
16 306 5
16 307 5
16 308 5
16 309 5
16 310 5
16 311 5
16 312 5
16 313 5
16 314 5
16 315 5
16 316 5
16 317 5
16 318 5
16 319 5
16 320 5
16 321 5
16 322 5
16 323 5
16 324 5
16 325 5
16 326 5
16 327 5
16 328 5
16 329 5
16 330 5
16 331 5
16 332 5
16 333 5
16 334 5
16 335 5
16 336 5
16 337 5
16 338 5
16 339 5
16 340 5
16 341 5
16 342 5
16 343 5
16 344 5
16 345 5
16 346 5
16 347 5
16 348 5
16 349 5
16 350 5
16 351 5
16 352 5
16 353 5
16 354 5
16 355 5
16 356 5
16 357 5
16 358 5
16 359 5
17 0 5
17 1 5
17 2 5
17 3 5
17 4 5
17 5 5
17 6 5
17 7 5
17 8 5
17 9 5
17 10 5
17 11 5
17 12 5
17 13 5
17 14 5
17 15 5
17 16 5
17 17 5
17 18 5
17 19 5
17 20 5
17 21 5
17 22 5
17 23 5
17 24 5
17 25 5
17 26 5
17 27 5
17 28 5
17 29 5
17 30 5
17 31 5
17 32 5
17 33 5
17 34 5
17 35 5
17 36 5
17 37 5
17 38 5
17 39 5
17 40 5
17 41 5
17 42 5
17 43 5
17 44 5
17 45 5
17 46 5
17 47 5
17 48 5
17 49 5
17 50 5
17 51 5
17 52 5
17 53 5
17 54 5
17 55 5
17 56 5
17 57 5
17 58 5
17 59 5
17 60 5
17 61 5
17 62 5
17 63 5
17 64 5
17 65 5
17 66 5
17 67 5
17 68 5
17 69 5
17 70 5
17 71 5
17 72 5
17 73 5
17 74 5
17 75 5
17 76 5
17 77 5
17 78 5
17 79 5
17 80 5
17 81 5
17 82 5
17 83 5
17 84 5
17 85 5
17 86 5
17 87 5
17 88 5
17 89 5
17 90 5
17 91 5
17 92 5
17 93 5
17 94 5
17 95 5
17 96 5
17 97 5
17 98 5
17 99 5
17 100 5
17 101 5
17 102 5
17 103 5
17 104 5
17 105 5
17 106 5
17 107 5
17 108 5
17 109 5
17 110 5
17 111 5
17 112 5
17 113 5
17 114 5
17 115 5
17 116 5
17 117 5
17 118 5
17 119 5
17 120 5
17 121 5
17 122 5
17 123 5
17 124 5
17 125 5
17 126 5
17 127 5
17 128 5
17 129 5
17 130 5
17 131 5
17 132 5
17 133 5
17 134 5
17 135 5
17 136 5
17 137 5
17 138 5
17 139 5
17 140 5
17 141 5
17 142 5
17 143 5
17 144 5
17 145 5
17 146 5
17 147 5
17 148 5
17 149 5
17 150 5
17 151 5
17 152 5
17 153 5
17 154 5
17 155 5
17 156 5
17 157 5
17 158 5
17 159 5
17 160 5
17 161 5
17 162 -10
17 163 -10
17 164 -10
17 165 -10
17 166 -10
17 167 -10
17 168 -10
17 169 -10
17 170 -10
17 171 -10
17 172 -10
17 173 -10
17 174 -10
17 175 -10
17 176 -10
17 177 5
17 178 5
17 179 5
17 180 -10
17 181 -10
17 182 -10
17 183 -10
17 184 -10
17 185 -10
17 186 -10
17 187 -10
17 188 -10
17 189 -10
17 190 -10
17 191 -10
17 192 -10
17 193 -10
17 194 -10
17 195 5
17 196 5
17 197 5
17 198 5
17 199 5
17 200 5
17 201 5
17 202 5
17 203 5
17 204 5
17 205 5
17 206 5
17 207 5
17 208 5
17 209 5
17 210 5
17 211 5
17 212 5
17 213 5
17 214 5
17 215 5
17 216 5
17 217 5
17 218 5
17 219 5
17 220 5
17 221 5
17 222 5
17 223 5
17 224 5
17 225 5
17 226 5
17 227 5
17 228 5
17 229 5
17 230 5
17 231 5
17 232 5
17 233 5
17 234 -1
17 235 5
17 236 5
17 237 5
17 238 5
17 239 5
17 240 5
17 241 5
17 242 5
17 243 5
17 244 5
17 245 5
17 246 5
17 247 5
17 248 5
17 249 5
17 250 5
17 251 5
17 252 5
17 253 5
17 254 5
17 255 5
17 256 5
17 257 5
17 258 5
17 259 5
17 260 5
17 261 5
17 262 5
17 263 5
17 264 5
17 265 5
17 266 5
17 267 5
17 268 5
17 269 5
17 270 5
17 271 5
17 272 5
17 273 5
17 274 5
17 275 5
17 276 5
17 277 5
17 278 5
17 279 5
17 280 5
17 281 5
17 282 5
17 283 5
17 284 5
17 285 5
17 286 5
17 287 5
17 288 5
17 289 5
17 290 5
17 291 5
17 292 5
17 293 5
17 294 5
17 295 5
17 296 5
17 297 5
17 298 5
17 299 5
17 300 5
17 301 5
17 302 5
17 303 5
17 304 5
17 305 5
17 306 5
17 307 5
17 308 5
17 309 5
17 310 5
17 311 5
17 312 5
17 313 5
17 314 5
17 315 5
17 316 5
17 317 5
17 318 5
17 319 5
17 320 5
17 321 5
17 322 5
17 323 5
17 324 5
17 325 5
17 326 5
17 327 5
17 328 5
17 329 5
17 330 5
17 331 5
17 332 5
17 333 5
17 334 5
17 335 5
17 336 5
17 337 5
17 338 5
17 339 5
17 340 5
17 341 5
17 342 5
17 343 5
17 344 5
17 345 5
17 346 5
17 347 5
17 348 5
17 349 5
17 350 5
17 351 5
17 352 5
17 353 5
17 354 5
17 355 5
17 356 5
17 357 5
17 358 5
17 359 5
18 0 5
18 1 5
18 2 5
18 3 5
18 4 5
18 5 5
18 6 5
18 7 5
18 8 5
18 9 5
18 10 5
18 11 5
18 12 5
18 13 5
18 14 5
18 15 5
18 16 5
18 17 5
18 18 5
18 19 5
18 20 5
18 21 5
18 22 5
18 23 5
18 24 5
18 25 5
18 26 5
18 27 5
18 28 5
18 29 5
18 30 5
18 31 5
18 32 5
18 33 5
18 34 5
18 35 5
18 36 5
18 37 5
18 38 5
18 39 5
18 40 5
18 41 5
18 42 5
18 43 5
18 44 5
18 45 5
18 46 5
18 47 5
18 48 5
18 49 5
18 50 5
18 51 5
18 52 5
18 53 5
18 54 5
18 55 5
18 56 5
18 57 5
18 58 5
18 59 5
18 60 5
18 61 5
18 62 5
18 63 5
18 64 5
18 65 5
18 66 5
18 67 5
18 68 5
18 69 5
18 70 5
18 71 5
18 72 5
18 73 5
18 74 5
18 75 5
18 76 5
18 77 5
18 78 5
18 79 5
18 80 5
18 81 5
18 82 5
18 83 5
18 84 5
18 85 5
18 86 5
18 87 5
18 88 5
18 89 5
18 90 5
18 91 5
18 92 5
18 93 5
18 94 5
18 95 5
18 96 5
18 97 5
18 98 5
18 99 5
18 100 5
18 101 5
18 102 5
18 103 5
18 104 5
18 105 5
18 106 5
18 107 5
18 108 5
18 109 5
18 110 5
18 111 5
18 112 5
18 113 5
18 114 5
18 115 5
18 116 5
18 117 5
18 118 5
18 119 5
18 120 5
18 121 5
18 122 5
18 123 5
18 124 5
18 125 5
18 126 5
18 127 5
18 128 5
18 129 5
18 130 5
18 131 5
18 132 5
18 133 5
18 134 5
18 135 5
18 136 5
18 137 5
18 138 5
18 139 5
18 140 5
18 141 5
18 142 5
18 143 5
18 144 5
18 145 5
18 146 5
18 147 5
18 148 5
18 149 5
18 150 5
18 151 5
18 152 5
18 153 5
18 154 5
18 155 5
18 156 5
18 157 5
18 158 5
18 159 5
18 160 5
18 161 5
18 162 5
18 163 5
18 164 5
18 165 5
18 166 5
18 167 5
18 168 5
18 169 5
18 170 5
18 171 5
18 172 5
18 173 5
18 174 5
18 175 5
18 176 5
18 177 5
18 178 5
18 179 5
18 180 5
18 181 5
18 182 5
18 183 5
18 184 5
18 185 5
18 186 5
18 187 5
18 188 5
18 189 5
18 190 5
18 191 5
18 192 5
18 193 5
18 194 5
18 195 5
18 196 5
18 197 5
18 198 5
18 199 5
18 200 5
18 201 5
18 202 5
18 203 5
18 204 5
18 205 5
18 206 -1
18 207 5
18 208 5
18 209 5
18 210 5
18 211 5
18 212 5
18 213 5
18 214 5
18 215 5
18 216 5
18 217 5
18 218 5
18 219 5
18 220 5
18 221 5
18 222 5
18 223 5
18 224 5
18 225 5
18 226 5
18 227 5
18 228 5
18 229 5
18 230 5
18 231 5
18 232 5
18 233 5
18 234 5
18 235 5
18 236 5
18 237 5
18 238 5
18 239 5
18 240 5
18 241 5
18 242 5
18 243 5
18 244 5
18 245 5
18 246 5
18 247 5
18 248 5
18 249 5
18 250 5
18 251 5
18 252 5
18 253 5
18 254 5
18 255 5
18 256 5
18 257 5
18 258 5
18 259 5
18 260 5
18 261 5
18 262 -10
18 263 -10
18 264 -10
18 265 -10
18 266 -10
18 267 -10
18 268 -10
18 269 -10
18 270 -10
18 271 -10
18 272 -10
18 273 -10
18 274 -10
18 275 -10
18 276 -10
18 277 5
18 278 5
18 279 5
18 280 -10
18 281 -10
18 282 -10
18 283 -10
18 284 -10
18 285 -10
18 286 -10
18 287 -10
18 288 -10
18 289 -10
18 290 -10
18 291 -10
18 292 -10
18 293 -10
18 294 -10
18 295 5
18 296 5
18 297 5
18 298 5
18 299 5
18 300 5
18 301 5
18 302 5
18 303 5
18 304 5
18 305 5
18 306 5
18 307 5
18 308 5
18 309 5
18 310 5
18 311 5
18 312 5
18 313 5
18 314 5
18 315 5
18 316 5
18 317 5
18 318 5
18 319 5
18 320 5
18 321 5
18 322 5
18 323 5
18 324 5
18 325 5
18 326 5
18 327 5
18 328 5
18 329 5
18 330 5
18 331 5
18 332 5
18 333 5
18 334 5
18 335 5
18 336 5
18 337 5
18 338 5
18 339 5
18 340 5
18 341 5
18 342 5
18 343 5
18 344 5
18 345 5
18 346 5
18 347 5
18 348 5
18 349 5
18 350 5
18 351 5
18 352 5
18 353 5
18 354 5
18 355 5
18 356 5
18 357 5
18 358 5
18 359 5
19 0 5
19 1 5
19 2 5
19 3 5
19 4 5
19 5 5
19 6 5
19 7 5
19 8 5
19 9 5
19 10 5
19 11 5
19 12 5
19 13 5
19 14 5
19 15 5
19 16 5
19 17 5
19 18 5
19 19 5
19 20 5
19 21 5
19 22 5
19 23 5
19 24 5
19 25 5
19 26 5
19 27 5
19 28 5
19 29 5
19 30 5
19 31 5
19 32 5
19 33 5
19 34 5
19 35 5
19 36 5
19 37 5
19 38 5
19 39 5
19 40 5
19 41 5
19 42 5
19 43 5
19 44 5
19 45 5
19 46 5
19 47 5
19 48 5
19 49 5
19 50 5
19 51 5
19 52 5
19 53 5
19 54 5
19 55 5
19 56 5
19 57 5
19 58 5
19 59 5
19 60 5
19 61 5
19 62 5
19 63 5
19 64 5
19 65 5
19 66 5
19 67 5
19 68 5
19 69 5
19 70 5
19 71 5
19 72 5
19 73 5
19 74 5
19 75 5
19 76 5
19 77 5
19 78 5
19 79 5
19 80 5
19 81 5
19 82 5
19 83 5
19 84 5
19 85 5
19 86 5
19 87 5
19 88 5
19 89 5
19 90 5
19 91 5
19 92 5
19 93 5
19 94 5
19 95 5
19 96 5
19 97 5
19 98 5
19 99 5
19 100 5
19 101 5
19 102 5
19 103 5
19 104 5
19 105 5
19 106 5
19 107 5
19 108 5
19 109 5
19 110 5
19 111 5
19 112 5
19 113 5
19 114 5
19 115 5
19 116 5
19 117 5
19 118 5
19 119 5
19 120 5
19 121 5
19 122 5
19 123 5
19 124 5
19 125 5
19 126 5
19 127 5
19 128 5
19 129 5
19 130 5
19 131 5
19 132 5
19 133 5
19 134 5
19 135 5
19 136 5
19 137 5
19 138 5
19 139 5
19 140 5
19 141 5
19 142 5
19 143 5
19 144 5
19 145 5
19 146 5
19 147 5
19 148 5
19 149 5
19 150 5
19 151 5
19 152 5
19 153 5
19 154 5
19 155 5
19 156 5
19 157 5
19 158 5
19 159 5
19 160 5
19 161 5
19 162 5
19 163 5
19 164 5
19 165 5
19 166 5
19 167 5
19 168 5
19 169 5
19 170 5
19 171 5
19 172 5
19 173 5
19 174 5
19 175 5
19 176 5
19 177 5
19 178 5
19 179 5
19 180 5
19 181 5
19 182 5
19 183 5
19 184 5
19 185 5
19 186 5
19 187 5
19 188 5
19 189 5
19 190 5
19 191 5
19 192 5
19 193 5
19 194 5
19 195 5
19 196 5
19 197 5
19 198 5
19 199 5
19 200 5
19 201 5
19 202 5
19 203 5
19 204 5
19 205 5
19 206 5
19 207 5
19 208 5
19 209 5
19 210 5
19 211 5
19 212 5
19 213 5
19 214 5
19 215 5
19 216 5
19 217 5
19 218 5
19 219 5
19 220 5
19 221 5
19 222 5
19 223 5
19 224 5
19 225 5
19 226 5
19 227 5
19 228 5
19 229 5
19 230 5
19 231 5
19 232 5
19 233 5
19 234 5
19 235 5
19 236 5
19 237 5
19 238 5
19 239 5
19 240 5
19 241 5
19 242 5
19 243 5
19 244 5
19 245 -1
19 246 5
19 247 5
19 248 5
19 249 5
19 250 5
19 251 5
19 252 5
19 253 5
19 254 5
19 255 5
19 256 5
19 257 5
19 258 5
19 259 5
19 260 5
19 261 5
19 262 5
19 263 5
19 264 5
19 265 5
19 266 5
19 267 5
19 268 5
19 269 5
19 270 5
19 271 5
19 272 5
19 273 5
19 274 5
19 275 5
19 276 5
19 277 5
19 278 5
19 279 5
19 280 5
19 281 5
19 282 5
19 283 5
19 284 5
19 285 5
19 286 5
19 287 5
19 288 5
19 289 5
19 290 5
19 291 5
19 292 5
19 293 5
19 294 5
19 295 5
19 296 5
19 297 5
19 298 5
19 299 5
19 300 5
19 301 5
19 302 5
19 303 5
19 304 5
19 305 5
19 306 -10
19 307 -10
19 308 -10
19 309 -10
19 310 -10
19 311 -10
19 312 -10
19 313 -10
19 314 -10
19 315 -10
19 316 -10
19 317 -10
19 318 -10
19 319 -10
19 320 -10
19 321 5
19 322 5
19 323 5
19 324 5
19 325 5
19 326 5
19 327 5
19 328 5
19 329 5
19 330 5
19 331 5
19 332 5
19 333 5
19 334 5
19 335 5
19 336 5
19 337 5
19 338 -10
19 339 -10
19 340 -10
19 341 -10
19 342 -10
19 343 -10
19 344 -10
19 345 -10
19 346 -10
19 347 -10
19 348 -10
19 349 -10
19 350 -10
19 351 -10
19 352 -10
19 353 5
19 354 5
19 355 5
19 356 5
19 357 5
19 358 5
19 359 5
