0 0 10
0 1 10
0 2 10
0 3 10
0 4 10
0 5 10
0 6 10
0 7 10
0 8 10
0 9 10
0 10 10
0 11 10
0 12 10
0 13 10
0 14 10
0 15 10
0 16 10
0 17 10
0 18 10
0 19 10
0 20 10
0 21 10
0 22 10
0 23 10
0 24 10
0 25 10
0 26 10
0 27 10
0 28 10
0 29 10
0 30 10
0 31 10
0 32 10
0 33 10
0 34 10
0 35 10
0 36 10
0 37 10
0 38 10
0 39 10
0 40 10
0 41 10
0 42 10
0 43 10
0 44 10
0 45 10
0 46 10
0 47 10
0 48 10
0 49 10
0 50 10
0 51 10
0 52 10
0 53 10
0 54 10
0 55 10
0 56 10
0 57 10
0 58 10
0 59 10
0 60 10
0 61 10
0 62 10
0 63 10
0 64 10
0 65 10
0 66 10
0 67 10
0 68 10
0 69 10
0 70 10
0 71 10
0 72 10
0 73 10
0 74 10
0 75 10
0 76 10
0 77 10
0 78 -10
0 79 -10
0 80 -10
0 81 -10
0 82 -10
0 83 -10
0 84 -10
0 85 -10
0 86 -10
0 87 -10
0 88 -10
0 89 -10
0 90 -10
0 91 -10
0 92 -10
0 93 10
0 94 10
0 95 10
0 96 10
0 97 10
0 98 10
0 99 10
0 100 10
0 101 10
0 102 10
0 103 10
0 104 10
0 105 10
0 106 10
0 107 10
0 108 10
0 109 10
0 110 10
0 111 10
0 112 10
0 113 10
0 114 10
0 115 10
0 116 10
0 117 10
0 118 10
0 119 10
0 120 10
0 121 10
0 122 10
0 123 10
0 124 10
0 125 10
0 126 10
0 127 10
0 128 10
0 129 10
0 130 10
0 131 10
0 132 10
0 133 10
0 134 10
0 135 10
0 136 10
0 137 10
0 138 10
0 139 10
0 140 10
0 141 10
0 142 10
0 143 10
0 144 10
0 145 10
0 146 10
0 147 10
0 148 10
0 149 10
0 150 10
0 151 10
0 152 10
0 153 10
0 154 10
0 155 10
0 156 10
0 157 10
0 158 10
0 159 10
0 160 10
0 161 10
0 162 10
0 163 10
0 164 10
0 165 10
0 166 10
0 167 10
0 168 -10
0 169 -10
0 170 -10
0 171 -10
0 172 -10
0 173 -10
0 174 -10
0 175 -10
0 176 -10
0 177 -10
0 178 -10
0 179 -10
0 180 -10
0 181 -10
0 182 -10
0 183 10
0 184 10
0 185 10
0 186 10
0 187 10
0 188 10
0 189 10
0 190 10
0 191 10
0 192 10
0 193 10
0 194 10
0 195 10
0 196 10
0 197 10
0 198 10
0 199 10
0 200 10
0 201 10
0 202 10
0 203 10
0 204 10
0 205 10
0 206 10
0 207 10
0 208 10
0 209 10
0 210 10
0 211 10
0 212 10
0 213 10
0 214 10
0 215 10
0 216 10
0 217 10
0 218 10
0 219 10
0 220 10
0 221 10
0 222 10
0 223 10
0 224 10
0 225 10
0 226 10
0 227 10
0 228 10
0 229 10
0 230 10
0 231 10
0 232 10
0 233 10
0 234 10
0 235 10
0 236 10
0 237 10
0 238 10
0 239 10
0 240 10
0 241 10
0 242 10
0 243 10
0 244 10
0 245 10
0 246 10
0 247 10
0 248 10
0 249 10
0 250 10
0 251 10
0 252 10
0 253 10
0 254 10
0 255 10
0 256 10
0 257 10
0 258 10
0 259 10
0 260 10
0 261 10
0 262 10
0 263 10
0 264 10
0 265 10
0 266 10
0 267 10
0 268 10
0 269 10
0 270 10
0 271 10
0 272 10
0 273 10
0 274 10
0 275 10
0 276 10
0 277 10
0 278 10
0 279 10
0 280 10
0 281 10
0 282 10
0 283 10
0 284 10
0 285 10
0 286 10
0 287 10
0 288 10
0 289 10
0 290 10
0 291 10
0 292 10
0 293 10
0 294 10
0 295 10
0 296 10
0 297 10
0 298 10
0 299 10
0 300 10
0 301 10
0 302 10
0 303 10
0 304 10
0 305 10
0 306 10
0 307 10
0 308 10
0 309 10
0 310 10
0 311 10
0 312 10
0 313 10
0 314 10
0 315 10
0 316 10
0 317 10
0 318 10
0 319 10
0 320 10
0 321 10
0 322 10
0 323 10
0 324 10
0 325 10
0 326 10
0 327 10
0 328 10
0 329 10
0 330 10
0 331 10
0 332 10
0 333 10
0 334 10
0 335 10
0 336 10
0 337 10
0 338 10
0 339 10
0 340 10
0 341 10
0 342 10
0 343 10
0 344 10
0 345 10
0 346 10
0 347 10
0 348 10
0 349 10
0 350 10
0 351 10
0 352 10
0 353 10
0 354 10
0 355 10
0 356 10
0 357 10
0 358 10
0 359 10
1 0 10
1 1 10
1 2 10
1 3 10
1 4 10
1 5 10
1 6 10
1 7 10
1 8 10
1 9 10
1 10 10
1 11 10
1 12 10
1 13 10
1 14 10
1 15 10
1 16 10
1 17 10
1 18 10
1 19 10
1 20 10
1 21 10
1 22 10
1 23 10
1 24 10
1 25 10
1 26 10
1 27 10
1 28 10
1 29 10
1 30 10
1 31 10
1 32 10
1 33 10
1 34 10
1 35 10
1 36 10
1 37 10
1 38 10
1 39 10
1 40 10
1 41 10
1 42 10
1 43 10
1 44 10
1 45 10
1 46 10
1 47 10
1 48 10
1 49 10
1 50 10
1 51 10
1 52 10
1 53 10
1 54 10
1 55 10
1 56 10
1 57 10
1 58 10
1 59 10
1 60 10
1 61 10
1 62 10
1 63 10
1 64 10
1 65 10
1 66 10
1 67 10
1 68 10
1 69 10
1 70 10
1 71 10
1 72 10
1 73 10
1 74 10
1 75 10
1 76 10
1 77 10
1 78 10
1 79 10
1 80 10
1 81 10
1 82 10
1 83 10
1 84 10
1 85 10
1 86 10
1 87 10
1 88 10
1 89 10
1 90 10
1 91 10
1 92 10
1 93 10
1 94 10
1 95 10
1 96 10
1 97 10
1 98 10
1 99 10
1 100 10
1 101 10
1 102 10
1 103 10
1 104 10
1 105 10
1 106 10
1 107 10
1 108 10
1 109 10
1 110 10
1 111 10
1 112 10
1 113 10
1 114 10
1 115 10
1 116 10
1 117 10
1 118 10
1 119 10
1 120 10
1 121 -1
1 122 10
1 123 10
1 124 10
1 125 10
1 126 10
1 127 10
1 128 10
1 129 10
1 130 10
1 131 10
1 132 10
1 133 10
1 134 10
1 135 10
1 136 10
1 137 10
1 138 10
1 139 10
1 140 10
1 141 10
1 142 10
1 143 10
1 144 10
1 145 10
1 146 10
1 147 10
1 148 10
1 149 10
1 150 10
1 151 10
1 152 10
1 153 10
1 154 10
1 155 10
1 156 10
1 157 10
1 158 10
1 159 10
1 160 10
1 161 10
1 162 10
1 163 10
1 164 10
1 165 10
1 166 10
1 167 10
1 168 10
1 169 10
1 170 10
1 171 10
1 172 10
1 173 10
1 174 10
1 175 10
1 176 10
1 177 10
1 178 10
1 179 10
1 180 10
1 181 10
1 182 10
1 183 10
1 184 10
1 185 10
1 186 10
1 187 10
1 188 10
1 189 10
1 190 10
1 191 10
1 192 10
1 193 10
1 194 10
1 195 10
1 196 10
1 197 10
1 198 10
1 199 10
1 200 10
1 201 10
1 202 10
1 203 10
1 204 10
1 205 10
1 206 10
1 207 10
1 208 10
1 209 10
1 210 10
1 211 10
1 212 10
1 213 10
1 214 10
1 215 10
1 216 10
1 217 10
1 218 10
1 219 10
1 220 10
1 221 10
1 222 10
1 223 10
1 224 10
1 225 10
1 226 10
1 227 10
1 228 10
1 229 10
1 230 10
1 231 10
1 232 10
1 233 10
1 234 10
1 235 10
1 236 10
1 237 10
1 238 10
1 239 10
1 240 10
1 241 10
1 242 10
1 243 10
1 244 10
1 245 10
1 246 10
1 247 10
1 248 10
1 249 10
1 250 10
1 251 10
1 252 10
1 253 10
1 254 10
1 255 10
1 256 10
1 257 10
1 258 10
1 259 10
1 260 10
1 261 10
1 262 10
1 263 10
1 264 10
1 265 10
1 266 10
1 267 10
1 268 10
1 269 10
1 270 10
1 271 10
1 272 10
1 273 10
1 274 10
1 275 10
1 276 10
1 277 10
1 278 10
1 279 10
1 280 10
1 281 10
1 282 10
1 283 10
1 284 10
1 285 10
1 286 10
1 287 10
1 288 10
1 289 10
1 290 10
1 291 10
1 292 10
1 293 10
1 294 10
1 295 10
1 296 10
1 297 10
1 298 10
1 299 10
1 300 10
1 301 10
1 302 10
1 303 10
1 304 10
1 305 10
1 306 10
1 307 10
1 308 10
1 309 10
1 310 10
1 311 10
1 312 10
1 313 10
1 314 10
1 315 10
1 316 10
1 317 10
1 318 10
1 319 10
1 320 10
1 321 10
1 322 10
1 323 10
1 324 10
1 325 10
1 326 10
1 327 10
1 328 10
1 329 10
1 330 10
1 331 10
1 332 10
1 333 10
1 334 10
1 335 10
1 336 10
1 337 10
1 338 10
1 339 10
1 340 10
1 341 10
1 342 10
1 343 10
1 344 10
1 345 10
1 346 10
1 347 10
1 348 10
1 349 10
1 350 10
1 351 10
1 352 10
1 353 10
1 354 10
1 355 10
1 356 10
1 357 10
1 358 10
1 359 10
2 0 10
2 1 10
2 2 10
2 3 10
2 4 10
2 5 10
2 6 10
2 7 10
2 8 -10
2 9 -10
2 10 -10
2 11 -10
2 12 -10
2 13 -10
2 14 -10
2 15 -10
2 16 -10
2 17 -10
2 18 10
2 19 10
2 20 10
2 21 10
2 22 10
2 23 10
2 24 10
2 25 10
2 26 10
2 27 10
2 28 10
2 29 10
2 30 10
2 31 10
2 32 10
2 33 10
2 34 10
2 35 10
2 36 10
2 37 10
2 38 10
2 39 10
2 40 10
2 41 10
2 42 10
2 43 10
2 44 10
2 45 10
2 46 10
2 47 10
2 48 10
2 49 10
2 50 10
2 51 10
2 52 10
2 53 10
2 54 10
2 55 10
2 56 10
2 57 10
2 58 10
2 59 10
2 60 10
2 61 10
2 62 10
2 63 10
2 64 10
2 65 10
2 66 10
2 67 10
2 68 10
2 69 10
2 70 10
2 71 10
2 72 10
2 73 10
2 74 10
2 75 10
2 76 10
2 77 10
2 78 10
2 79 10
2 80 10
2 81 10
2 82 10
2 83 10
2 84 10
2 85 10
2 86 10
2 87 10
2 88 10
2 89 10
2 90 10
2 91 10
2 92 10
2 93 10
2 94 10
2 95 10
2 96 10
2 97 10
2 98 10
2 99 10
2 100 10
2 101 10
2 102 10
2 103 10
2 104 10
2 105 10
2 106 10
2 107 10
2 108 10
2 109 10
2 110 10
2 111 10
2 112 10
2 113 10
2 114 10
2 115 10
2 116 10
2 117 10
2 118 10
2 119 10
2 120 10
2 121 10
2 122 10
2 123 10
2 124 10
2 125 10
2 126 10
2 127 10
2 128 10
2 129 10
2 130 10
2 131 10
2 132 10
2 133 10
2 134 10
2 135 10
2 136 10
2 137 10
2 138 10
2 139 10
2 140 10
2 141 10
2 142 10
2 143 10
2 144 10
2 145 10
2 146 10
2 147 10
2 148 10
2 149 10
2 150 10
2 151 10
2 152 10
2 153 10
2 154 10
2 155 10
2 156 10
2 157 10
2 158 10
2 159 10
2 160 10
2 161 10
2 162 10
2 163 10
2 164 10
2 165 10
2 166 10
2 167 10
2 168 10
2 169 10
2 170 10
2 171 10
2 172 10
2 173 10
2 174 10
2 175 10
2 176 10
2 177 10
2 178 10
2 179 10
2 180 10
2 181 10
2 182 10
2 183 10
2 184 10
2 185 10
2 186 10
2 187 10
2 188 10
2 189 10
2 190 10
2 191 10
2 192 10
2 193 10
2 194 10
2 195 10
2 196 10
2 197 10
2 198 10
2 199 10
2 200 10
2 201 10
2 202 10
2 203 10
2 204 10
2 205 10
2 206 10
2 207 10
2 208 10
2 209 10
2 210 10
2 211 10
2 212 10
2 213 -10
2 214 -10
2 215 -10
2 216 -10
2 217 -10
2 218 -10
2 219 -10
2 220 -10
2 221 -10
2 222 -10
2 223 10
2 224 10
2 225 10
2 226 10
2 227 10
2 228 10
2 229 10
2 230 10
2 231 10
2 232 10
2 233 10
2 234 10
2 235 10
2 236 10
2 237 10
2 238 10
2 239 10
2 240 10
2 241 10
2 242 -10
2 243 -10
2 244 -10
2 245 -10
2 246 -10
2 247 -10
2 248 -10
2 249 -10
2 250 -10
2 251 -10
2 252 10
2 253 10
2 254 10
2 255 10
2 256 10
2 257 10
2 258 10
2 259 10
2 260 10
2 261 10
2 262 10
2 263 10
2 264 10
2 265 10
2 266 10
2 267 10
2 268 10
2 269 10
2 270 10
2 271 10
2 272 10
2 273 10
2 274 10
2 275 10
2 276 10
2 277 10
2 278 10
2 279 10
2 280 10
2 281 10
2 282 10
2 283 10
2 284 10
2 285 10
2 286 10
2 287 10
2 288 10
2 289 10
2 290 10
2 291 10
2 292 10
2 293 10
2 294 10
2 295 10
2 296 10
2 297 10
2 298 10
2 299 10
2 300 10
2 301 10
2 302 10
2 303 10
2 304 10
2 305 10
2 306 10
2 307 10
2 308 10
2 309 10
2 310 10
2 311 10
2 312 10
2 313 10
2 314 10
2 315 10
2 316 10
2 317 10
2 318 10
2 319 10
2 320 10
2 321 10
2 322 10
2 323 10
2 324 10
2 325 10
2 326 10
2 327 10
2 328 10
2 329 10
2 330 10
2 331 10
2 332 10
2 333 10
2 334 10
2 335 10
2 336 10
2 337 10
2 338 10
2 339 10
2 340 10
2 341 10
2 342 10
2 343 10
2 344 10
2 345 10
2 346 10
2 347 10
2 348 10
2 349 10
2 350 10
2 351 10
2 352 10
2 353 10
2 354 10
2 355 10
2 356 10
2 357 10
2 358 10
2 359 10
3 0 10
3 1 10
3 2 10
3 3 10
3 4 10
3 5 10
3 6 10
3 7 10
3 8 10
3 9 10
3 10 10
3 11 10
3 12 10
3 13 10
3 14 10
3 15 10
3 16 10
3 17 10
3 18 10
3 19 10
3 20 10
3 21 10
3 22 10
3 23 10
3 24 10
3 25 10
3 26 10
3 27 10
3 28 10
3 29 10
3 30 10
3 31 10
3 32 10
3 33 10
3 34 10
3 35 10
3 36 10
3 37 10
3 38 10
3 39 10
3 40 10
3 41 10
3 42 10
3 43 10
3 44 10
3 45 10
3 46 10
3 47 10
3 48 10
3 49 10
3 50 10
3 51 10
3 52 10
3 53 10
3 54 10
3 55 10
3 56 10
3 57 10
3 58 10
3 59 10
3 60 10
3 61 10
3 62 10
3 63 10
3 64 10
3 65 10
3 66 10
3 67 10
3 68 10
3 69 10
3 70 10
3 71 10
3 72 10
3 73 10
3 74 10
3 75 10
3 76 10
3 77 10
3 78 10
3 79 10
3 80 10
3 81 10
3 82 10
3 83 10
3 84 10
3 85 10
3 86 10
3 87 10
3 88 10
3 89 10
3 90 10
3 91 10
3 92 10
3 93 10
3 94 10
3 95 10
3 96 10
3 97 10
3 98 10
3 99 10
3 100 10
3 101 10
3 102 10
3 103 10
3 104 10
3 105 10
3 106 10
3 107 10
3 108 10
3 109 10
3 110 10
3 111 10
3 112 10
3 113 10
3 114 10
3 115 10
3 116 10
3 117 10
3 118 10
3 119 10
3 120 10
3 121 10
3 122 10
3 123 10
3 124 10
3 125 10
3 126 10
3 127 10
3 128 -10
3 129 -10
3 130 -10
3 131 -10
3 132 -10
3 133 -10
3 134 -10
3 135 -10
3 136 -10
3 137 -10
3 138 -10
3 139 -10
3 140 -10
3 141 -10
3 142 -10
3 143 -10
3 144 -10
3 145 -10
3 146 -10
3 147 -10
3 148 -10
3 149 -10
3 150 -10
3 151 -10
3 152 -10
3 153 -10
3 154 -10
3 155 -10
3 156 -10
3 157 -10
3 158 10
3 159 10
3 160 10
3 161 10
3 162 10
3 163 10
3 164 10
3 165 10
3 166 10
3 167 10
3 168 10
3 169 10
3 170 10
3 171 10
3 172 10
3 173 10
3 174 10
3 175 10
3 176 10
3 177 10
3 178 10
3 179 10
3 180 10
3 181 10
3 182 10
3 183 10
3 184 10
3 185 10
3 186 10
3 187 10
3 188 10
3 189 10
3 190 10
3 191 10
3 192 10
3 193 10
3 194 10
3 195 10
3 196 10
3 197 10
3 198 10
3 199 10
3 200 10
3 201 10
3 202 10
3 203 10
3 204 10
3 205 10
3 206 10
3 207 10
3 208 10
3 209 10
3 210 10
3 211 10
3 212 10
3 213 10
3 214 10
3 215 10
3 216 10
3 217 10
3 218 10
3 219 10
3 220 10
3 221 10
3 222 10
3 223 10
3 224 10
3 225 10
3 226 10
3 227 10
3 228 10
3 229 10
3 230 10
3 231 10
3 232 10
3 233 10
3 234 10
3 235 10
3 236 10
3 237 10
3 238 10
3 239 10
3 240 10
3 241 10
3 242 10
3 243 10
3 244 10
3 245 10
3 246 10
3 247 10
3 248 10
3 249 10
3 250 10
3 251 10
3 252 10
3 253 10
3 254 10
3 255 10
3 256 10
3 257 10
3 258 10
3 259 10
3 260 10
3 261 10
3 262 10
3 263 10
3 264 10
3 265 10
3 266 10
3 267 10
3 268 10
3 269 10
3 270 10
3 271 10
3 272 10
3 273 10
3 274 10
3 275 10
3 276 10
3 277 10
3 278 10
3 279 10
3 280 10
3 281 10
3 282 10
3 283 10
3 284 10
3 285 10
3 286 10
3 287 10
3 288 10
3 289 10
3 290 10
3 291 10
3 292 10
3 293 10
3 294 10
3 295 10
3 296 10
3 297 10
3 298 10
3 299 10
3 300 10
3 301 10
3 302 10
3 303 10
3 304 10
3 305 10
3 306 10
3 307 10
3 308 10
3 309 10
3 310 10
3 311 10
3 312 10
3 313 10
3 314 10
3 315 10
3 316 10
3 317 10
3 318 10
3 319 10
3 320 10
3 321 10
3 322 10
3 323 10
3 324 10
3 325 10
3 326 10
3 327 10
3 328 10
3 329 10
3 330 10
3 331 10
3 332 10
3 333 10
3 334 10
3 335 10
3 336 10
3 337 10
3 338 10
3 339 10
3 340 10
3 341 10
3 342 10
3 343 10
3 344 10
3 345 10
3 346 10
3 347 10
3 348 10
3 349 10
3 350 10
3 351 10
3 352 10
3 353 10
3 354 10
3 355 10
3 356 10
3 357 10
3 358 10
3 359 10
4 0 10
4 1 10
4 2 10
4 3 10
4 4 10
4 5 10
4 6 10
4 7 10
4 8 10
4 9 10
4 10 10
4 11 10
4 12 10
4 13 10
4 14 10
4 15 10
4 16 10
4 17 10
4 18 10
4 19 10
4 20 10
4 21 10
4 22 10
4 23 10
4 24 10
4 25 10
4 26 10
4 27 10
4 28 10
4 29 10
4 30 10
4 31 10
4 32 10
4 33 10
4 34 10
4 35 10
4 36 10
4 37 10
4 38 10
4 39 10
4 40 10
4 41 10
4 42 10
4 43 10
4 44 10
4 45 10
4 46 10
4 47 10
4 48 10
4 49 10
4 50 10
4 51 10
4 52 -10
4 53 -10
4 54 -10
4 55 -10
4 56 -10
4 57 -10
4 58 -10
4 59 -10
4 60 -10
4 61 -10
4 62 -10
4 63 -10
4 64 -10
4 65 -10
4 66 -10
4 67 10
4 68 10
4 69 10
4 70 10
4 71 10
4 72 10
4 73 10
4 74 10
4 75 10
4 76 10
4 77 10
4 78 10
4 79 10
4 80 10
4 81 10
4 82 10
4 83 10
4 84 10
4 85 10
4 86 10
4 87 10
4 88 10
4 89 10
4 90 10
4 91 10
4 92 10
4 93 10
4 94 10
4 95 10
4 96 10
4 97 10
4 98 10
4 99 10
4 100 10
4 101 10
4 102 10
4 103 10
4 104 10
4 105 -10
4 106 -10
4 107 -10
4 108 -10
4 109 -10
4 110 -10
4 111 -10
4 112 -10
4 113 -10
4 114 -10
4 115 -10
4 116 -10
4 117 -10
4 118 -10
4 119 -10
4 120 10
4 121 10
4 122 10
4 123 10
4 124 10
4 125 10
4 126 10
4 127 10
4 128 10
4 129 10
4 130 10
4 131 10
4 132 10
4 133 10
4 134 10
4 135 10
4 136 10
4 137 10
4 138 10
4 139 10
4 140 10
4 141 10
4 142 10
4 143 10
4 144 10
4 145 10
4 146 10
4 147 10
4 148 10
4 149 10
4 150 10
4 151 10
4 152 10
4 153 10
4 154 10
4 155 10
4 156 10
4 157 10
4 158 10
4 159 10
4 160 10
4 161 10
4 162 10
4 163 10
4 164 10
4 165 10
4 166 10
4 167 10
4 168 10
4 169 10
4 170 10
4 171 10
4 172 10
4 173 10
4 174 10
4 175 10
4 176 10
4 177 10
4 178 10
4 179 10
4 180 10
4 181 10
4 182 10
4 183 10
4 184 10
4 185 10
4 186 10
4 187 10
4 188 10
4 189 10
4 190 10
4 191 10
4 192 10
4 193 10
4 194 10
4 195 10
4 196 10
4 197 10
4 198 10
4 199 10
4 200 10
4 201 10
4 202 10
4 203 10
4 204 10
4 205 10
4 206 10
4 207 10
4 208 10
4 209 10
4 210 10
4 211 10
4 212 10
4 213 10
4 214 10
4 215 10
4 216 10
4 217 10
4 218 10
4 219 10
4 220 10
4 221 10
4 222 10
4 223 10
4 224 10
4 225 10
4 226 10
4 227 10
4 228 10
4 229 10
4 230 10
4 231 10
4 232 10
4 233 10
4 234 10
4 235 10
4 236 10
4 237 10
4 238 10
4 239 10
4 240 10
4 241 10
4 242 10
4 243 10
4 244 10
4 245 10
4 246 10
4 247 10
4 248 10
4 249 10
4 250 10
4 251 10
4 252 10
4 253 10
4 254 10
4 255 10
4 256 10
4 257 10
4 258 10
4 259 10
4 260 10
4 261 10
4 262 10
4 263 10
4 264 10
4 265 10
4 266 10
4 267 10
4 268 10
4 269 10
4 270 10
4 271 10
4 272 10
4 273 10
4 274 10
4 275 10
4 276 10
4 277 10
4 278 10
4 279 10
4 280 10
4 281 10
4 282 10
4 283 10
4 284 10
4 285 10
4 286 10
4 287 10
4 288 10
4 289 10
4 290 10
4 291 10
4 292 10
4 293 10
4 294 10
4 295 10
4 296 10
4 297 10
4 298 10
4 299 10
4 300 10
4 301 10
4 302 10
4 303 10
4 304 10
4 305 10
4 306 10
4 307 10
4 308 10
4 309 10
4 310 10
4 311 10
4 312 10
4 313 10
4 314 10
4 315 10
4 316 10
4 317 10
4 318 10
4 319 10
4 320 10
4 321 10
4 322 10
4 323 10
4 324 10
4 325 10
4 326 10
4 327 10
4 328 10
4 329 10
4 330 10
4 331 10
4 332 10
4 333 10
4 334 10
4 335 10
4 336 10
4 337 10
4 338 10
4 339 10
4 340 10
4 341 10
4 342 10
4 343 10
4 344 10
4 345 10
4 346 10
4 347 10
4 348 10
4 349 10
4 350 10
4 351 10
4 352 10
4 353 10
4 354 10
4 355 10
4 356 10
4 357 10
4 358 10
4 359 10
5 0 10
5 1 10
5 2 10
5 3 10
5 4 10
5 5 10
5 6 10
5 7 10
5 8 10
5 9 10
5 10 10
5 11 10
5 12 10
5 13 10
5 14 10
5 15 10
5 16 10
5 17 10
5 18 10
5 19 10
5 20 10
5 21 10
5 22 10
5 23 10
5 24 10
5 25 10
5 26 10
5 27 10
5 28 10
5 29 10
5 30 10
5 31 10
5 32 10
5 33 10
5 34 10
5 35 10
5 36 10
5 37 10
5 38 10
5 39 10
5 40 10
5 41 10
5 42 10
5 43 10
5 44 10
5 45 10
5 46 10
5 47 10
5 48 10
5 49 10
5 50 10
5 51 10
5 52 10
5 53 10
5 54 10
5 55 10
5 56 10
5 57 10
5 58 10
5 59 10
5 60 10
5 61 10
5 62 10
5 63 10
5 64 10
5 65 10
5 66 10
5 67 10
5 68 10
5 69 10
5 70 10
5 71 10
5 72 10
5 73 10
5 74 10
5 75 10
5 76 10
5 77 10
5 78 10
5 79 10
5 80 10
5 81 10
5 82 10
5 83 10
5 84 10
5 85 10
5 86 10
5 87 10
5 88 10
5 89 10
5 90 10
5 91 10
5 92 10
5 93 10
5 94 10
5 95 10
5 96 10
5 97 10
5 98 10
5 99 10
5 100 10
5 101 10
5 102 10
5 103 10
5 104 10
5 105 10
5 106 10
5 107 10
5 108 10
5 109 10
5 110 10
5 111 10
5 112 10
5 113 10
5 114 10
5 115 10
5 116 10
5 117 10
5 118 10
5 119 10
5 120 10
5 121 10
5 122 10
5 123 10
5 124 10
5 125 10
5 126 10
5 127 10
5 128 10
5 129 10
5 130 10
5 131 10
5 132 10
5 133 10
5 134 10
5 135 10
5 136 10
5 137 10
5 138 10
5 139 10
5 140 10
5 141 10
5 142 10
5 143 10
5 144 10
5 145 10
5 146 10
5 147 10
5 148 10
5 149 10
5 150 10
5 151 10
5 152 10
5 153 10
5 154 10
5 155 10
5 156 10
5 157 10
5 158 10
5 159 10
5 160 10
5 161 10
5 162 10
5 163 10
5 164 10
5 165 10
5 166 10
5 167 10
5 168 10
5 169 10
5 170 10
5 171 10
5 172 10
5 173 10
5 174 10
5 175 10
5 176 10
5 177 10
5 178 10
5 179 10
5 180 10
5 181 10
5 182 10
5 183 10
5 184 10
5 185 10
5 186 10
5 187 10
5 188 10
5 189 10
5 190 10
5 191 10
5 192 10
5 193 10
5 194 10
5 195 10
5 196 10
5 197 10
5 198 10
5 199 10
5 200 -10
5 201 -10
5 202 -10
5 203 -10
5 204 -10
5 205 -10
5 206 -10
5 207 -10
5 208 -10
5 209 -10
5 210 -10
5 211 -10
5 212 -10
5 213 -10
5 214 -10
5 215 10
5 216 10
5 217 10
5 218 10
5 219 10
5 220 10
5 221 10
5 222 10
5 223 10
5 224 10
5 225 10
5 226 10
5 227 10
5 228 10
5 229 10
5 230 10
5 231 10
5 232 10
5 233 10
5 234 10
5 235 10
5 236 10
5 237 10
5 238 10
5 239 10
5 240 10
5 241 10
5 242 10
5 243 10
5 244 10
5 245 10
5 246 10
5 247 10
5 248 10
5 249 10
5 250 10
5 251 10
5 252 10
5 253 10
5 254 10
5 255 10
5 256 10
5 257 10
5 258 10
5 259 -10
5 260 -10
5 261 -10
5 262 -10
5 263 -10
5 264 -10
5 265 -10
5 266 -10
5 267 -10
5 268 -10
5 269 -10
5 270 -10
5 271 -10
5 272 -10
5 273 -10
5 274 10
5 275 10
5 276 10
5 277 10
5 278 10
5 279 10
5 280 10
5 281 10
5 282 10
5 283 10
5 284 10
5 285 10
5 286 10
5 287 10
5 288 10
5 289 10
5 290 10
5 291 -1
5 292 10
5 293 10
5 294 10
5 295 10
5 296 10
5 297 10
5 298 10
5 299 10
5 300 10
5 301 10
5 302 10
5 303 10
5 304 10
5 305 10
5 306 10
5 307 10
5 308 10
5 309 10
5 310 10
5 311 10
5 312 10
5 313 10
5 314 10
5 315 10
5 316 10
5 317 10
5 318 10
5 319 10
5 320 10
5 321 10
5 322 10
5 323 10
5 324 10
5 325 10
5 326 10
5 327 10
5 328 10
5 329 10
5 330 10
5 331 10
5 332 10
5 333 10
5 334 10
5 335 10
5 336 10
5 337 10
5 338 10
5 339 10
5 340 10
5 341 10
5 342 10
5 343 10
5 344 10
5 345 10
5 346 10
5 347 10
5 348 10
5 349 10
5 350 10
5 351 10
5 352 10
5 353 10
5 354 10
5 355 10
5 356 10
5 357 10
5 358 10
5 359 10
6 0 10
6 1 10
6 2 10
6 3 10
6 4 10
6 5 10
6 6 10
6 7 10
6 8 10
6 9 10
6 10 10
6 11 10
6 12 10
6 13 10
6 14 10
6 15 10
6 16 10
6 17 10
6 18 10
6 19 10
6 20 10
6 21 10
6 22 10
6 23 10
6 24 10
6 25 10
6 26 10
6 27 10
6 28 10
6 29 10
6 30 10
6 31 10
6 32 10
6 33 10
6 34 10
6 35 10
6 36 10
6 37 10
6 38 10
6 39 10
6 40 10
6 41 10
6 42 10
6 43 10
6 44 10
6 45 10
6 46 10
6 47 10
6 48 10
6 49 10
6 50 10
6 51 10
6 52 10
6 53 10
6 54 10
6 55 10
6 56 10
6 57 10
6 58 10
6 59 10
6 60 10
6 61 10
6 62 10
6 63 10
6 64 10
6 65 10
6 66 10
6 67 10
6 68 10
6 69 10
6 70 10
6 71 10
6 72 10
6 73 10
6 74 10
6 75 10
6 76 10
6 77 10
6 78 10
6 79 10
6 80 10
6 81 10
6 82 10
6 83 10
6 84 10
6 85 10
6 86 10
6 87 10
6 88 10
6 89 10
6 90 10
6 91 10
6 92 10
6 93 10
6 94 10
6 95 10
6 96 10
6 97 10
6 98 10
6 99 10
6 100 10
6 101 10
6 102 10
6 103 10
6 104 10
6 105 10
6 106 10
6 107 10
6 108 10
6 109 10
6 110 10
6 111 10
6 112 10
6 113 10
6 114 10
6 115 10
6 116 10
6 117 10
6 118 10
6 119 10
6 120 10
6 121 10
6 122 10
6 123 10
6 124 10
6 125 10
6 126 10
6 127 10
6 128 10
6 129 10
6 130 10
6 131 10
6 132 10
6 133 10
6 134 10
6 135 10
6 136 10
6 137 10
6 138 10
6 139 10
6 140 10
6 141 10
6 142 10
6 143 10
6 144 10
6 145 10
6 146 10
6 147 10
6 148 10
6 149 10
6 150 10
6 151 10
6 152 10
6 153 10
6 154 10
6 155 -10
6 156 -10
6 157 -10
6 158 -10
6 159 -10
6 160 -10
6 161 -10
6 162 -10
6 163 -10
6 164 -10
6 165 -10
6 166 -10
6 167 -10
6 168 -10
6 169 -10
6 170 10
6 171 10
6 172 10
6 173 10
6 174 10
6 175 10
6 176 10
6 177 10
6 178 10
6 179 10
6 180 10
6 181 10
6 182 10
6 183 10
6 184 10
6 185 10
6 186 10
6 187 10
6 188 10
6 189 10
6 190 10
6 191 10
6 192 10
6 193 10
6 194 10
6 195 -10
6 196 -10
6 197 -10
6 198 -10
6 199 -10
6 200 -10
6 201 -10
6 202 -10
6 203 -10
6 204 -10
6 205 -10
6 206 -10
6 207 -10
6 208 -10
6 209 -10
6 210 10
6 211 10
6 212 10
6 213 10
6 214 10
6 215 10
6 216 10
6 217 10
6 218 10
6 219 10
6 220 10
6 221 10
6 222 10
6 223 10
6 224 10
6 225 10
6 226 10
6 227 10
6 228 10
6 229 10
6 230 10
6 231 10
6 232 10
6 233 10
6 234 10
6 235 10
6 236 10
6 237 10
6 238 10
6 239 10
6 240 10
6 241 10
6 242 10
6 243 10
6 244 10
6 245 10
6 246 10
6 247 10
6 248 10
6 249 10
6 250 10
6 251 10
6 252 10
6 253 10
6 254 10
6 255 10
6 256 10
6 257 10
6 258 10
6 259 10
6 260 10
6 261 10
6 262 10
6 263 10
6 264 10
6 265 10
6 266 10
6 267 10
6 268 10
6 269 10
6 270 10
6 271 10
6 272 10
6 273 10
6 274 10
6 275 10
6 276 10
6 277 10
6 278 10
6 279 10
6 280 10
6 281 10
6 282 10
6 283 10
6 284 10
6 285 10
6 286 10
6 287 10
6 288 10
6 289 10
6 290 10
6 291 10
6 292 10
6 293 10
6 294 10
6 295 10
6 296 10
6 297 10
6 298 10
6 299 10
6 300 10
6 301 10
6 302 10
6 303 10
6 304 10
6 305 10
6 306 10
6 307 10
6 308 10
6 309 10
6 310 10
6 311 10
6 312 10
6 313 10
6 314 10
6 315 10
6 316 10
6 317 10
6 318 10
6 319 10
6 320 10
6 321 10
6 322 10
6 323 10
6 324 10
6 325 10
6 326 10
6 327 10
6 328 10
6 329 10
6 330 10
6 331 10
6 332 10
6 333 10
6 334 10
6 335 10
6 336 10
6 337 10
6 338 10
6 339 10
6 340 10
6 341 10
6 342 10
6 343 10
6 344 10
6 345 10
6 346 10
6 347 10
6 348 10
6 349 10
6 350 10
6 351 10
6 352 10
6 353 10
6 354 10
6 355 10
6 356 10
6 357 10
6 358 10
6 359 10
7 0 10
7 1 10
7 2 10
7 3 10
7 4 10
7 5 10
7 6 10
7 7 10
7 8 10
7 9 10
7 10 10
7 11 10
7 12 10
7 13 10
7 14 10
7 15 10
7 16 10
7 17 10
7 18 10
7 19 10
7 20 10
7 21 10
7 22 10
7 23 10
7 24 10
7 25 10
7 26 10
7 27 10
7 28 10
7 29 10
7 30 10
7 31 10
7 32 10
7 33 10
7 34 10
7 35 10
7 36 10
7 37 10
7 38 10
7 39 10
7 40 10
7 41 10
7 42 10
7 43 10
7 44 10
7 45 10
7 46 10
7 47 10
7 48 10
7 49 10
7 50 10
7 51 10
7 52 10
7 53 10
7 54 10
7 55 10
7 56 10
7 57 10
7 58 10
7 59 10
7 60 10
7 61 10
7 62 10
7 63 10
7 64 10
7 65 10
7 66 10
7 67 10
7 68 10
7 69 10
7 70 10
7 71 10
7 72 10
7 73 10
7 74 10
7 75 10
7 76 10
7 77 10
7 78 10
7 79 10
7 80 10
7 81 10
7 82 10
7 83 10
7 84 10
7 85 10
7 86 10
7 87 10
7 88 10
7 89 10
7 90 10
7 91 10
7 92 10
7 93 10
7 94 10
7 95 10
7 96 10
7 97 10
7 98 10
7 99 10
7 100 10
7 101 10
7 102 10
7 103 10
7 104 10
7 105 10
7 106 10
7 107 10
7 108 10
7 109 10
7 110 10
7 111 10
7 112 10
7 113 10
7 114 10
7 115 10
7 116 10
7 117 10
7 118 10
7 119 10
7 120 10
7 121 10
7 122 10
7 123 10
7 124 10
7 125 10
7 126 10
7 127 10
7 128 10
7 129 10
7 130 10
7 131 10
7 132 10
7 133 10
7 134 10
7 135 10
7 136 10
7 137 10
7 138 10
7 139 10
7 140 10
7 141 10
7 142 10
7 143 10
7 144 10
7 145 10
7 146 10
7 147 10
7 148 10
7 149 10
7 150 10
7 151 10
7 152 10
7 153 10
7 154 10
7 155 10
7 156 10
7 157 10
7 158 10
7 159 10
7 160 10
7 161 10
7 162 10
7 163 10
7 164 10
7 165 10
7 166 10
7 167 10
7 168 10
7 169 10
7 170 10
7 171 10
7 172 10
7 173 10
7 174 10
7 175 10
7 176 10
7 177 10
7 178 10
7 179 10
7 180 10
7 181 10
7 182 10
7 183 10
7 184 10
7 185 10
7 186 10
7 187 10
7 188 10
7 189 10
7 190 10
7 191 10
7 192 10
7 193 10
7 194 10
7 195 10
7 196 10
7 197 10
7 198 10
7 199 10
7 200 10
7 201 10
7 202 10
7 203 10
7 204 10
7 205 10
7 206 10
7 207 10
7 208 10
7 209 10
7 210 10
7 211 10
7 212 10
7 213 10
7 214 10
7 215 10
7 216 10
7 217 10
7 218 10
7 219 10
7 220 10
7 221 10
7 222 10
7 223 10
7 224 10
7 225 10
7 226 10
7 227 10
7 228 10
7 229 10
7 230 10
7 231 10
7 232 10
7 233 10
7 234 10
7 235 10
7 236 10
7 237 10
7 238 10
7 239 10
7 240 10
7 241 10
7 242 10
7 243 10
7 244 10
7 245 10
7 246 10
7 247 10
7 248 10
7 249 10
7 250 10
7 251 10
7 252 10
7 253 10
7 254 10
7 255 10
7 256 10
7 257 10
7 258 10
7 259 10
7 260 10
7 261 10
7 262 10
7 263 10
7 264 10
7 265 10
7 266 10
7 267 10
7 268 10
7 269 10
7 270 10
7 271 10
7 272 10
7 273 10
7 274 10
7 275 10
7 276 10
7 277 10
7 278 10
7 279 10
7 280 10
7 281 10
7 282 10
7 283 10
7 284 10
7 285 10
7 286 10
7 287 10
7 288 10
7 289 10
7 290 10
7 291 10
7 292 10
7 293 10
7 294 10
7 295 10
7 296 10
7 297 10
7 298 10
7 299 10
7 300 10
7 301 10
7 302 10
7 303 10
7 304 10
7 305 10
7 306 10
7 307 10
7 308 10
7 309 10
7 310 10
7 311 10
7 312 10
7 313 10
7 314 10
7 315 10
7 316 10
7 317 10
7 318 10
7 319 10
7 320 10
7 321 10
7 322 10
7 323 10
7 324 10
7 325 10
7 326 10
7 327 10
7 328 10
7 329 10
7 330 10
7 331 10
7 332 10
7 333 10
7 334 10
7 335 10
7 336 10
7 337 10
7 338 10
7 339 10
7 340 10
7 341 10
7 342 10
7 343 10
7 344 10
7 345 10
7 346 10
7 347 10
7 348 10
7 349 10
7 350 10
7 351 10
7 352 10
7 353 10
7 354 10
7 355 10
7 356 10
7 357 10
7 358 10
7 359 10
8 0 10
8 1 10
8 2 10
8 3 10
8 4 10
8 5 10
8 6 10
8 7 10
8 8 10
8 9 10
8 10 10
8 11 10
8 12 10
8 13 10
8 14 10
8 15 10
8 16 10
8 17 10
8 18 10
8 19 10
8 20 10
8 21 10
8 22 10
8 23 10
8 24 10
8 25 10
8 26 10
8 27 10
8 28 10
8 29 10
8 30 10
8 31 10
8 32 10
8 33 10
8 34 10
8 35 10
8 36 10
8 37 10
8 38 10
8 39 10
8 40 10
8 41 10
8 42 10
8 43 10
8 44 10
8 45 10
8 46 10
8 47 10
8 48 10
8 49 10
8 50 10
8 51 10
8 52 10
8 53 10
8 54 10
8 55 10
8 56 10
8 57 10
8 58 10
8 59 10
8 60 10
8 61 10
8 62 10
8 63 10
8 64 10
8 65 10
8 66 10
8 67 10
8 68 10
8 69 10
8 70 10
8 71 10
8 72 10
8 73 10
8 74 10
8 75 10
8 76 10
8 77 10
8 78 10
8 79 10
8 80 10
8 81 10
8 82 10
8 83 10
8 84 10
8 85 10
8 86 10
8 87 10
8 88 10
8 89 10
8 90 10
8 91 10
8 92 10
8 93 10
8 94 10
8 95 10
8 96 10
8 97 10
8 98 10
8 99 10
8 100 10
8 101 10
8 102 10
8 103 10
8 104 10
8 105 10
8 106 10
8 107 10
8 108 10
8 109 10
8 110 10
8 111 10
8 112 10
8 113 10
8 114 10
8 115 10
8 116 10
8 117 10
8 118 10
8 119 10
8 120 10
8 121 10
8 122 10
8 123 10
8 124 10
8 125 10
8 126 10
8 127 10
8 128 10
8 129 10
8 130 10
8 131 10
8 132 10
8 133 10
8 134 10
8 135 10
8 136 10
8 137 10
8 138 10
8 139 10
8 140 10
8 141 10
8 142 -10
8 143 -10
8 144 -10
8 145 -10
8 146 -10
8 147 -10
8 148 -10
8 149 -10
8 150 -10
8 151 -10
8 152 -10
8 153 -10
8 154 -10
8 155 -10
8 156 -10
8 157 -10
8 158 -10
8 159 -10
8 160 -10
8 161 -10
8 162 -10
8 163 -10
8 164 -10
8 165 -10
8 166 -10
8 167 -10
8 168 -10
8 169 -10
8 170 -10
8 171 -10
8 172 10
8 173 10
8 174 10
8 175 10
8 176 10
8 177 10
8 178 10
8 179 10
8 180 10
8 181 10
8 182 10
8 183 10
8 184 10
8 185 10
8 186 10
8 187 10
8 188 10
8 189 10
8 190 10
8 191 10
8 192 10
8 193 10
8 194 10
8 195 10
8 196 10
8 197 10
8 198 10
8 199 10
8 200 10
8 201 10
8 202 10
8 203 10
8 204 10
8 205 10
8 206 10
8 207 10
8 208 10
8 209 10
8 210 10
8 211 10
8 212 10
8 213 10
8 214 10
8 215 10
8 216 10
8 217 10
8 218 10
8 219 10
8 220 10
8 221 10
8 222 10
8 223 10
8 224 10
8 225 10
8 226 10
8 227 10
8 228 10
8 229 10
8 230 10
8 231 10
8 232 10
8 233 10
8 234 10
8 235 10
8 236 10
8 237 10
8 238 10
8 239 10
8 240 10
8 241 10
8 242 10
8 243 10
8 244 10
8 245 10
8 246 10
8 247 10
8 248 10
8 249 10
8 250 10
8 251 10
8 252 10
8 253 10
8 254 10
8 255 10
8 256 10
8 257 10
8 258 10
8 259 10
8 260 10
8 261 10
8 262 10
8 263 10
8 264 10
8 265 10
8 266 10
8 267 10
8 268 10
8 269 10
8 270 10
8 271 10
8 272 10
8 273 10
8 274 10
8 275 10
8 276 10
8 277 10
8 278 10
8 279 10
8 280 10
8 281 10
8 282 10
8 283 10
8 284 10
8 285 10
8 286 10
8 287 10
8 288 10
8 289 10
8 290 10
8 291 10
8 292 10
8 293 10
8 294 10
8 295 10
8 296 10
8 297 10
8 298 10
8 299 10
8 300 10
8 301 10
8 302 10
8 303 10
8 304 10
8 305 10
8 306 10
8 307 10
8 308 10
8 309 10
8 310 10
8 311 10
8 312 10
8 313 10
8 314 10
8 315 10
8 316 10
8 317 10
8 318 10
8 319 10
8 320 10
8 321 10
8 322 10
8 323 10
8 324 10
8 325 10
8 326 10
8 327 10
8 328 10
8 329 10
8 330 10
8 331 10
8 332 10
8 333 10
8 334 10
8 335 10
8 336 10
8 337 10
8 338 10
8 339 10
8 340 10
8 341 10
8 342 10
8 343 10
8 344 10
8 345 10
8 346 10
8 347 10
8 348 10
8 349 10
8 350 10
8 351 10
8 352 10
8 353 10
8 354 10
8 355 10
8 356 10
8 357 10
8 358 10
8 359 10
9 0 10
9 1 10
9 2 10
9 3 10
9 4 10
9 5 10
9 6 10
9 7 10
9 8 10
9 9 10
9 10 10
9 11 10
9 12 10
9 13 10
9 14 10
9 15 10
9 16 10
9 17 10
9 18 10
9 19 10
9 20 10
9 21 10
9 22 10
9 23 10
9 24 10
9 25 10
9 26 10
9 27 10
9 28 10
9 29 10
9 30 10
9 31 10
9 32 10
9 33 10
9 34 10
9 35 10
9 36 10
9 37 10
9 38 10
9 39 10
9 40 10
9 41 10
9 42 10
9 43 10
9 44 10
9 45 10
9 46 10
9 47 10
9 48 10
9 49 10
9 50 10
9 51 10
9 52 10
9 53 10
9 54 10
9 55 10
9 56 10
9 57 10
9 58 10
9 59 10
9 60 10
9 61 10
9 62 10
9 63 10
9 64 10
9 65 10
9 66 10
9 67 10
9 68 10
9 69 10
9 70 10
9 71 10
9 72 10
9 73 10
9 74 10
9 75 10
9 76 10
9 77 10
9 78 10
9 79 10
9 80 10
9 81 10
9 82 10
9 83 10
9 84 10
9 85 10
9 86 10
9 87 10
9 88 10
9 89 10
9 90 10
9 91 10
9 92 10
9 93 10
9 94 10
9 95 10
9 96 10
9 97 10
9 98 10
9 99 10
9 100 10
9 101 10
9 102 10
9 103 10
9 104 10
9 105 10
9 106 10
9 107 10
9 108 10
9 109 10
9 110 10
9 111 10
9 112 10
9 113 10
9 114 10
9 115 10
9 116 10
9 117 10
9 118 10
9 119 10
9 120 10
9 121 10
9 122 10
9 123 10
9 124 10
9 125 10
9 126 10
9 127 10
9 128 10
9 129 10
9 130 10
9 131 10
9 132 10
9 133 10
9 134 10
9 135 10
9 136 10
9 137 10
9 138 10
9 139 10
9 140 10
9 141 10
9 142 10
9 143 10
9 144 10
9 145 10
9 146 10
9 147 10
9 148 10
9 149 10
9 150 10
9 151 10
9 152 10
9 153 10
9 154 10
9 155 10
9 156 10
9 157 10
9 158 10
9 159 10
9 160 10
9 161 10
9 162 10
9 163 10
9 164 10
9 165 10
9 166 10
9 167 10
9 168 10
9 169 10
9 170 10
9 171 10
9 172 10
9 173 10
9 174 10
9 175 10
9 176 10
9 177 10
9 178 10
9 179 10
9 180 10
9 181 10
9 182 10
9 183 10
9 184 10
9 185 10
9 186 10
9 187 10
9 188 10
9 189 10
9 190 10
9 191 10
9 192 10
9 193 10
9 194 10
9 195 10
9 196 10
9 197 10
9 198 10
9 199 10
9 200 10
9 201 10
9 202 10
9 203 10
9 204 10
9 205 10
9 206 10
9 207 10
9 208 10
9 209 10
9 210 10
9 211 10
9 212 10
9 213 10
9 214 10
9 215 10
9 216 10
9 217 10
9 218 10
9 219 10
9 220 10
9 221 10
9 222 10
9 223 10
9 224 10
9 225 10
9 226 10
9 227 10
9 228 10
9 229 10
9 230 10
9 231 10
9 232 10
9 233 10
9 234 10
9 235 10
9 236 10
9 237 10
9 238 10
9 239 10
9 240 10
9 241 10
9 242 10
9 243 10
9 244 10
9 245 10
9 246 10
9 247 10
9 248 10
9 249 10
9 250 10
9 251 10
9 252 10
9 253 10
9 254 10
9 255 10
9 256 10
9 257 10
9 258 10
9 259 10
9 260 10
9 261 10
9 262 10
9 263 10
9 264 10
9 265 10
9 266 10
9 267 10
9 268 10
9 269 10
9 270 10
9 271 10
9 272 10
9 273 10
9 274 10
9 275 10
9 276 10
9 277 10
9 278 10
9 279 10
9 280 10
9 281 10
9 282 10
9 283 10
9 284 10
9 285 10
9 286 10
9 287 10
9 288 10
9 289 10
9 290 10
9 291 10
9 292 10
9 293 10
9 294 10
9 295 10
9 296 10
9 297 10
9 298 10
9 299 10
9 300 10
9 301 10
9 302 10
9 303 10
9 304 10
9 305 10
9 306 10
9 307 10
9 308 10
9 309 10
9 310 10
9 311 10
9 312 10
9 313 10
9 314 10
9 315 10
9 316 10
9 317 10
9 318 10
9 319 10
9 320 10
9 321 10
9 322 10
9 323 10
9 324 10
9 325 10
9 326 10
9 327 10
9 328 10
9 329 10
9 330 10
9 331 10
9 332 10
9 333 10
9 334 10
9 335 10
9 336 10
9 337 10
9 338 10
9 339 10
9 340 10
9 341 10
9 342 10
9 343 10
9 344 10
9 345 10
9 346 10
9 347 10
9 348 10
9 349 10
9 350 10
9 351 10
9 352 10
9 353 10
9 354 10
9 355 10
9 356 10
9 357 10
9 358 10
9 359 10
10 0 10
10 1 10
10 2 10
10 3 10
10 4 10
10 5 10
10 6 10
10 7 10
10 8 10
10 9 10
10 10 10
10 11 10
10 12 10
10 13 10
10 14 10
10 15 10
10 16 10
10 17 10
10 18 10
10 19 10
10 20 10
10 21 -1
10 22 10
10 23 10
10 24 10
10 25 10
10 26 10
10 27 10
10 28 10
10 29 10
10 30 10
10 31 10
10 32 10
10 33 10
10 34 10
10 35 10
10 36 10
10 37 10
10 38 10
10 39 10
10 40 10
10 41 10
10 42 10
10 43 10
10 44 10
10 45 10
10 46 10
10 47 10
10 48 10
10 49 10
10 50 10
10 51 10
10 52 10
10 53 10
10 54 10
10 55 10
10 56 10
10 57 10
10 58 10
10 59 10
10 60 10
10 61 10
10 62 10
10 63 10
10 64 10
10 65 10
10 66 10
10 67 10
10 68 10
10 69 10
10 70 10
10 71 10
10 72 10
10 73 10
10 74 10
10 75 10
10 76 10
10 77 10
10 78 10
10 79 10
10 80 10
10 81 10
10 82 10
10 83 10
10 84 10
10 85 10
10 86 10
10 87 10
10 88 10
10 89 10
10 90 10
10 91 10
10 92 10
10 93 10
10 94 10
10 95 10
10 96 10
10 97 10
10 98 10
10 99 10
10 100 10
10 101 10
10 102 10
10 103 10
10 104 10
10 105 10
10 106 10
10 107 10
10 108 10
10 109 10
10 110 10
10 111 10
10 112 10
10 113 10
10 114 10
10 115 10
10 116 10
10 117 10
10 118 10
10 119 10
10 120 10
10 121 10
10 122 10
10 123 10
10 124 10
10 125 10
10 126 10
10 127 10
10 128 -10
10 129 -10
10 130 -10
10 131 -10
10 132 -10
10 133 -10
10 134 -10
10 135 -10
10 136 -10
10 137 -10
10 138 -10
10 139 -10
10 140 -10
10 141 -10
10 142 -10
10 143 10
10 144 10
10 145 10
10 146 10
10 147 10
10 148 10
10 149 10
10 150 10
10 151 10
10 152 10
10 153 10
10 154 10
10 155 10
10 156 10
10 157 10
10 158 10
10 159 10
10 160 10
10 161 10
10 162 10
10 163 10
10 164 10
10 165 10
10 166 10
10 167 10
10 168 10
10 169 10
10 170 10
10 171 10
10 172 10
10 173 10
10 174 10
10 175 10
10 176 10
10 177 10
10 178 10
10 179 10
10 180 10
10 181 10
10 182 10
10 183 10
10 184 10
10 185 10
10 186 10
10 187 10
10 188 10
10 189 10
10 190 10
10 191 10
10 192 10
10 193 10
10 194 10
10 195 10
10 196 10
10 197 10
10 198 10
10 199 10
10 200 10
10 201 10
10 202 10
10 203 10
10 204 10
10 205 10
10 206 10
10 207 10
10 208 10
10 209 10
10 210 10
10 211 10
10 212 10
10 213 10
10 214 10
10 215 10
10 216 10
10 217 10
10 218 10
10 219 10
10 220 10
10 221 10
10 222 10
10 223 10
10 224 10
10 225 10
10 226 10
10 227 10
10 228 10
10 229 10
10 230 10
10 231 10
10 232 10
10 233 10
10 234 10
10 235 10
10 236 10
10 237 10
10 238 10
10 239 10
10 240 10
10 241 10
10 242 10
10 243 10
10 244 10
10 245 10
10 246 10
10 247 10
10 248 10
10 249 10
10 250 10
10 251 10
10 252 10
10 253 10
10 254 10
10 255 10
10 256 10
10 257 10
10 258 10
10 259 10
10 260 10
10 261 10
10 262 10
10 263 10
10 264 10
10 265 10
10 266 10
10 267 10
10 268 10
10 269 10
10 270 10
10 271 10
10 272 10
10 273 -10
10 274 -10
10 275 -10
10 276 -10
10 277 -10
10 278 -10
10 279 -10
10 280 -10
10 281 -10
10 282 -10
10 283 -10
10 284 -10
10 285 -10
10 286 -10
10 287 -10
10 288 10
10 289 10
10 290 10
10 291 10
10 292 10
10 293 10
10 294 10
10 295 10
10 296 10
10 297 10
10 298 10
10 299 10
10 300 10
10 301 10
10 302 10
10 303 10
10 304 10
10 305 10
10 306 10
10 307 10
10 308 10
10 309 10
10 310 10
10 311 10
10 312 10
10 313 10
10 314 10
10 315 10
10 316 10
10 317 10
10 318 10
10 319 10
10 320 10
10 321 10
10 322 10
10 323 10
10 324 10
10 325 10
10 326 10
10 327 10
10 328 10
10 329 10
10 330 10
10 331 10
10 332 10
10 333 10
10 334 10
10 335 10
10 336 10
10 337 10
10 338 10
10 339 10
10 340 10
10 341 10
10 342 10
10 343 10
10 344 10
10 345 10
10 346 10
10 347 10
10 348 10
10 349 10
10 350 10
10 351 10
10 352 10
10 353 10
10 354 10
10 355 10
10 356 10
10 357 10
10 358 10
10 359 10
11 0 10
11 1 10
11 2 10
11 3 10
11 4 10
11 5 10
11 6 10
11 7 10
11 8 10
11 9 10
11 10 10
11 11 10
11 12 10
11 13 10
11 14 10
11 15 10
11 16 10
11 17 10
11 18 10
11 19 10
11 20 10
11 21 10
11 22 10
11 23 10
11 24 10
11 25 10
11 26 10
11 27 10
11 28 10
11 29 10
11 30 10
11 31 10
11 32 10
11 33 10
11 34 10
11 35 10
11 36 10
11 37 10
11 38 10
11 39 10
11 40 10
11 41 10
11 42 10
11 43 10
11 44 10
11 45 10
11 46 10
11 47 10
11 48 10
11 49 10
11 50 10
11 51 10
11 52 10
11 53 10
11 54 10
11 55 10
11 56 10
11 57 10
11 58 10
11 59 10
11 60 10
11 61 10
11 62 10
11 63 10
11 64 10
11 65 10
11 66 10
11 67 10
11 68 10
11 69 10
11 70 10
11 71 10
11 72 10
11 73 10
11 74 10
11 75 -10
11 76 -10
11 77 -10
11 78 -10
11 79 -10
11 80 -10
11 81 -10
11 82 -10
11 83 -10
11 84 -10
11 85 -10
11 86 -10
11 87 -10
11 88 -10
11 89 -10
11 90 10
11 91 10
11 92 10
11 93 10
11 94 10
11 95 10
11 96 10
11 97 10
11 98 10
11 99 10
11 100 10
11 101 10
11 102 10
11 103 10
11 104 10
11 105 10
11 106 10
11 107 10
11 108 10
11 109 10
11 110 10
11 111 10
11 112 10
11 113 10
11 114 10
11 115 10
11 116 10
11 117 10
11 118 10
11 119 10
11 120 10
11 121 10
11 122 10
11 123 10
11 124 10
11 125 10
11 126 10
11 127 10
11 128 10
11 129 10
11 130 10
11 131 10
11 132 10
11 133 10
11 134 10
11 135 10
11 136 10
11 137 10
11 138 10
11 139 10
11 140 10
11 141 10
11 142 10
11 143 10
11 144 10
11 145 10
11 146 10
11 147 10
11 148 10
11 149 10
11 150 10
11 151 10
11 152 10
11 153 10
11 154 10
11 155 10
11 156 10
11 157 10
11 158 10
11 159 10
11 160 10
11 161 10
11 162 10
11 163 10
11 164 10
11 165 10
11 166 10
11 167 10
11 168 10
11 169 10
11 170 10
11 171 10
11 172 10
11 173 10
11 174 10
11 175 10
11 176 10
11 177 10
11 178 10
11 179 10
11 180 10
11 181 10
11 182 10
11 183 10
11 184 -10
11 185 -10
11 186 -10
11 187 -10
11 188 -10
11 189 -10
11 190 -10
11 191 -10
11 192 -10
11 193 -10
11 194 -10
11 195 -10
11 196 -10
11 197 -10
11 198 -10
11 199 10
11 200 10
11 201 10
11 202 10
11 203 10
11 204 10
11 205 10
11 206 10
11 207 10
11 208 10
11 209 10
11 210 10
11 211 10
11 212 10
11 213 10
11 214 10
11 215 10
11 216 10
11 217 10
11 218 10
11 219 10
11 220 10
11 221 10
11 222 10
11 223 10
11 224 10
11 225 10
11 226 10
11 227 10
11 228 10
11 229 10
11 230 10
11 231 10
11 232 10
11 233 10
11 234 10
11 235 10
11 236 10
11 237 10
11 238 10
11 239 10
11 240 10
11 241 10
11 242 10
11 243 10
11 244 10
11 245 10
11 246 10
11 247 10
11 248 10
11 249 10
11 250 10
11 251 10
11 252 10
11 253 10
11 254 10
11 255 10
11 256 10
11 257 10
11 258 10
11 259 10
11 260 10
11 261 10
11 262 10
11 263 10
11 264 10
11 265 10
11 266 10
11 267 10
11 268 10
11 269 10
11 270 10
11 271 10
11 272 10
11 273 10
11 274 10
11 275 10
11 276 10
11 277 10
11 278 10
11 279 10
11 280 10
11 281 10
11 282 10
11 283 10
11 284 10
11 285 10
11 286 10
11 287 10
11 288 10
11 289 10
11 290 10
11 291 10
11 292 10
11 293 10
11 294 10
11 295 10
11 296 10
11 297 10
11 298 10
11 299 10
11 300 10
11 301 10
11 302 10
11 303 10
11 304 10
11 305 10
11 306 10
11 307 10
11 308 10
11 309 10
11 310 10
11 311 10
11 312 10
11 313 10
11 314 10
11 315 10
11 316 10
11 317 10
11 318 10
11 319 10
11 320 10
11 321 10
11 322 10
11 323 10
11 324 10
11 325 10
11 326 10
11 327 10
11 328 10
11 329 10
11 330 10
11 331 10
11 332 10
11 333 10
11 334 10
11 335 10
11 336 10
11 337 10
11 338 10
11 339 10
11 340 10
11 341 10
11 342 10
11 343 10
11 344 10
11 345 10
11 346 10
11 347 10
11 348 10
11 349 10
11 350 10
11 351 10
11 352 10
11 353 10
11 354 10
11 355 10
11 356 -1
11 357 10
11 358 10
11 359 10
12 0 10
12 1 10
12 2 10
12 3 10
12 4 10
12 5 10
12 6 10
12 7 10
12 8 10
12 9 10
12 10 10
12 11 10
12 12 10
12 13 10
12 14 10
12 15 10
12 16 10
12 17 10
12 18 10
12 19 10
12 20 10
12 21 10
12 22 10
12 23 10
12 24 10
12 25 10
12 26 10
12 27 10
12 28 10
12 29 10
12 30 10
12 31 10
12 32 10
12 33 10
12 34 10
12 35 10
12 36 10
12 37 -10
12 38 -10
12 39 -10
12 40 -10
12 41 -10
12 42 -10
12 43 -10
12 44 -10
12 45 -10
12 46 -10
12 47 -10
12 48 -10
12 49 -10
12 50 -10
12 51 -10
12 52 10
12 53 10
12 54 10
12 55 10
12 56 10
12 57 10
12 58 10
12 59 10
12 60 10
12 61 10
12 62 10
12 63 10
12 64 10
12 65 10
12 66 10
12 67 10
12 68 10
12 69 10
12 70 10
12 71 10
12 72 10
12 73 10
12 74 10
12 75 10
12 76 10
12 77 10
12 78 10
12 79 10
12 80 10
12 81 10
12 82 10
12 83 10
12 84 10
12 85 10
12 86 10
12 87 10
12 88 10
12 89 10
12 90 10
12 91 10
12 92 10
12 93 10
12 94 10
12 95 10
12 96 10
12 97 10
12 98 10
12 99 10
12 100 10
12 101 10
12 102 10
12 103 10
12 104 10
12 105 10
12 106 10
12 107 10
12 108 10
12 109 10
12 110 10
12 111 10
12 112 10
12 113 10
12 114 10
12 115 10
12 116 10
12 117 10
12 118 10
12 119 10
12 120 10
12 121 10
12 122 10
12 123 10
12 124 10
12 125 10
12 126 10
12 127 10
12 128 10
12 129 10
12 130 10
12 131 10
12 132 10
12 133 10
12 134 10
12 135 10
12 136 10
12 137 10
12 138 10
12 139 10
12 140 10
12 141 10
12 142 10
12 143 10
12 144 10
12 145 10
12 146 10
12 147 10
12 148 10
12 149 10
12 150 10
12 151 10
12 152 10
12 153 10
12 154 10
12 155 10
12 156 10
12 157 10
12 158 10
12 159 10
12 160 10
12 161 10
12 162 10
12 163 10
12 164 10
12 165 10
12 166 10
12 167 10
12 168 10
12 169 10
12 170 10
12 171 10
12 172 10
12 173 10
12 174 10
12 175 10
12 176 10
12 177 10
12 178 10
12 179 10
12 180 10
12 181 10
12 182 10
12 183 10
12 184 10
12 185 10
12 186 10
12 187 10
12 188 10
12 189 10
12 190 10
12 191 10
12 192 10
12 193 10
12 194 10
12 195 10
12 196 10
12 197 10
12 198 10
12 199 10
12 200 10
12 201 10
12 202 10
12 203 10
12 204 10
12 205 10
12 206 10
12 207 10
12 208 10
12 209 10
12 210 10
12 211 10
12 212 10
12 213 10
12 214 10
12 215 10
12 216 10
12 217 10
12 218 10
12 219 10
12 220 10
12 221 10
12 222 10
12 223 10
12 224 -10
12 225 -10
12 226 -10
12 227 -10
12 228 -10
12 229 -10
12 230 -10
12 231 -10
12 232 -10
12 233 -10
12 234 -10
12 235 -10
12 236 -10
12 237 -10
12 238 -10
12 239 10
12 240 10
12 241 10
12 242 10
12 243 10
12 244 10
12 245 10
12 246 10
12 247 10
12 248 10
12 249 10
12 250 10
12 251 10
12 252 10
12 253 10
12 254 10
12 255 10
12 256 10
12 257 10
12 258 10
12 259 10
12 260 10
12 261 10
12 262 10
12 263 10
12 264 10
12 265 10
12 266 10
12 267 10
12 268 10
12 269 10
12 270 10
12 271 10
12 272 10
12 273 10
12 274 10
12 275 10
12 276 10
12 277 10
12 278 10
12 279 10
12 280 10
12 281 10
12 282 10
12 283 10
12 284 10
12 285 10
12 286 10
12 287 10
12 288 10
12 289 10
12 290 10
12 291 10
12 292 10
12 293 10
12 294 10
12 295 10
12 296 10
12 297 10
12 298 10
12 299 10
12 300 10
12 301 10
12 302 10
12 303 10
12 304 10
12 305 10
12 306 10
12 307 10
12 308 10
12 309 10
12 310 10
12 311 10
12 312 10
12 313 10
12 314 10
12 315 10
12 316 10
12 317 10
12 318 10
12 319 10
12 320 10
12 321 10
12 322 10
12 323 10
12 324 10
12 325 10
12 326 10
12 327 10
12 328 10
12 329 10
12 330 10
12 331 10
12 332 10
12 333 10
12 334 10
12 335 10
12 336 10
12 337 10
12 338 10
12 339 10
12 340 10
12 341 10
12 342 10
12 343 10
12 344 10
12 345 10
12 346 10
12 347 10
12 348 10
12 349 10
12 350 10
12 351 10
12 352 10
12 353 10
12 354 10
12 355 10
12 356 10
12 357 10
12 358 10
12 359 10
13 0 10
13 1 10
13 2 10
13 3 10
13 4 10
13 5 10
13 6 10
13 7 10
13 8 10
13 9 10
13 10 10
13 11 10
13 12 10
13 13 10
13 14 10
13 15 10
13 16 10
13 17 10
13 18 10
13 19 10
13 20 10
13 21 10
13 22 10
13 23 10
13 24 10
13 25 10
13 26 10
13 27 10
13 28 10
13 29 10
13 30 10
13 31 10
13 32 10
13 33 10
13 34 -10
13 35 -10
13 36 -10
13 37 -10
13 38 -10
13 39 -10
13 40 -10
13 41 -10
13 42 -10
13 43 -10
13 44 -10
13 45 -10
13 46 -10
13 47 -10
13 48 -10
13 49 -10
13 50 -10
13 51 -10
13 52 -10
13 53 -10
13 54 -10
13 55 -10
13 56 -10
13 57 -10
13 58 -10
13 59 -10
13 60 -10
13 61 -10
13 62 -10
13 63 -10
13 64 10
13 65 10
13 66 10
13 67 10
13 68 10
13 69 10
13 70 10
13 71 10
13 72 10
13 73 10
13 74 10
13 75 10
13 76 10
13 77 10
13 78 10
13 79 10
13 80 10
13 81 10
13 82 10
13 83 10
13 84 10
13 85 10
13 86 10
13 87 10
13 88 10
13 89 10
13 90 10
13 91 10
13 92 10
13 93 10
13 94 10
13 95 10
13 96 10
13 97 10
13 98 10
13 99 10
13 100 10
13 101 10
13 102 10
13 103 10
13 104 10
13 105 10
13 106 10
13 107 10
13 108 10
13 109 10
13 110 10
13 111 10
13 112 10
13 113 10
13 114 10
13 115 10
13 116 10
13 117 10
13 118 10
13 119 10
13 120 10
13 121 10
13 122 10
13 123 10
13 124 10
13 125 10
13 126 10
13 127 10
13 128 10
13 129 10
13 130 10
13 131 10
13 132 10
13 133 10
13 134 10
13 135 10
13 136 10
13 137 10
13 138 10
13 139 10
13 140 10
13 141 10
13 142 10
13 143 10
13 144 10
13 145 10
13 146 10
13 147 10
13 148 10
13 149 10
13 150 10
13 151 10
13 152 10
13 153 10
13 154 10
13 155 10
13 156 10
13 157 10
13 158 10
13 159 10
13 160 10
13 161 10
13 162 10
13 163 10
13 164 10
13 165 10
13 166 10
13 167 10
13 168 10
13 169 10
13 170 10
13 171 10
13 172 10
13 173 10
13 174 10
13 175 10
13 176 10
13 177 10
13 178 10
13 179 10
13 180 10
13 181 10
13 182 10
13 183 10
13 184 10
13 185 10
13 186 10
13 187 10
13 188 10
13 189 10
13 190 10
13 191 10
13 192 10
13 193 10
13 194 10
13 195 10
13 196 10
13 197 10
13 198 10
13 199 10
13 200 10
13 201 10
13 202 10
13 203 10
13 204 10
13 205 10
13 206 10
13 207 10
13 208 10
13 209 10
13 210 10
13 211 10
13 212 10
13 213 10
13 214 10
13 215 10
13 216 10
13 217 10
13 218 10
13 219 10
13 220 10
13 221 10
13 222 10
13 223 10
13 224 10
13 225 10
13 226 10
13 227 10
13 228 10
13 229 10
13 230 10
13 231 10
13 232 10
13 233 10
13 234 10
13 235 10
13 236 10
13 237 10
13 238 10
13 239 10
13 240 10
13 241 10
13 242 10
13 243 10
13 244 10
13 245 10
13 246 10
13 247 10
13 248 10
13 249 10
13 250 10
13 251 10
13 252 10
13 253 10
13 254 10
13 255 10
13 256 10
13 257 10
13 258 10
13 259 10
13 260 10
13 261 10
13 262 10
13 263 10
13 264 10
13 265 10
13 266 10
13 267 10
13 268 10
13 269 10
13 270 10
13 271 10
13 272 10
13 273 10
13 274 10
13 275 10
13 276 10
13 277 10
13 278 10
13 279 10
13 280 10
13 281 10
13 282 10
13 283 10
13 284 10
13 285 10
13 286 10
13 287 10
13 288 10
13 289 10
13 290 10
13 291 10
13 292 10
13 293 10
13 294 10
13 295 10
13 296 10
13 297 10
13 298 10
13 299 10
13 300 10
13 301 10
13 302 10
13 303 10
13 304 10
13 305 10
13 306 10
13 307 10
13 308 10
13 309 10
13 310 10
13 311 10
13 312 10
13 313 10
13 314 10
13 315 10
13 316 10
13 317 10
13 318 10
13 319 10
13 320 10
13 321 10
13 322 10
13 323 10
13 324 10
13 325 10
13 326 10
13 327 10
13 328 10
13 329 10
13 330 10
13 331 10
13 332 10
13 333 10
13 334 10
13 335 10
13 336 10
13 337 10
13 338 10
13 339 10
13 340 10
13 341 10
13 342 10
13 343 10
13 344 10
13 345 10
13 346 10
13 347 10
13 348 10
13 349 10
13 350 10
13 351 10
13 352 10
13 353 10
13 354 10
13 355 10
13 356 10
13 357 10
13 358 10
13 359 10
14 0 10
14 1 10
14 2 10
14 3 10
14 4 10
14 5 10
14 6 10
14 7 10
14 8 10
14 9 10
14 10 10
14 11 10
14 12 10
14 13 10
14 14 10
14 15 10
14 16 10
14 17 10
14 18 10
14 19 10
14 20 10
14 21 10
14 22 10
14 23 10
14 24 10
14 25 10
14 26 10
14 27 10
14 28 10
14 29 10
14 30 10
14 31 10
14 32 10
14 33 10
14 34 10
14 35 10
14 36 10
14 37 10
14 38 10
14 39 10
14 40 10
14 41 10
14 42 10
14 43 10
14 44 10
14 45 10
14 46 10
14 47 10
14 48 10
14 49 10
14 50 10
14 51 10
14 52 10
14 53 10
14 54 10
14 55 10
14 56 10
14 57 10
14 58 10
14 59 10
14 60 10
14 61 10
14 62 10
14 63 10
14 64 10
14 65 10
14 66 10
14 67 10
14 68 10
14 69 10
14 70 10
14 71 10
14 72 10
14 73 10
14 74 10
14 75 10
14 76 10
14 77 10
14 78 10
14 79 10
14 80 10
14 81 10
14 82 10
14 83 10
14 84 10
14 85 10
14 86 10
14 87 10
14 88 10
14 89 10
14 90 10
14 91 10
14 92 10
14 93 10
14 94 10
14 95 10
14 96 10
14 97 10
14 98 10
14 99 10
14 100 10
14 101 10
14 102 10
14 103 10
14 104 10
14 105 10
14 106 10
14 107 10
14 108 10
14 109 10
14 110 10
14 111 10
14 112 10
14 113 10
14 114 10
14 115 10
14 116 10
14 117 10
14 118 10
14 119 10
14 120 10
14 121 10
14 122 10
14 123 10
14 124 10
14 125 10
14 126 10
14 127 10
14 128 10
14 129 10
14 130 10
14 131 10
14 132 10
14 133 10
14 134 10
14 135 10
14 136 10
14 137 10
14 138 10
14 139 10
14 140 10
14 141 10
14 142 10
14 143 10
14 144 10
14 145 10
14 146 10
14 147 10
14 148 10
14 149 10
14 150 10
14 151 10
14 152 10
14 153 10
14 154 10
14 155 10
14 156 10
14 157 10
14 158 10
14 159 10
14 160 10
14 161 10
14 162 10
14 163 10
14 164 10
14 165 10
14 166 10
14 167 10
14 168 10
14 169 10
14 170 10
14 171 10
14 172 10
14 173 10
14 174 10
14 175 10
14 176 10
14 177 10
14 178 10
14 179 10
14 180 10
14 181 10
14 182 10
14 183 10
14 184 10
14 185 10
14 186 10
14 187 10
14 188 10
14 189 10
14 190 10
14 191 10
14 192 10
14 193 10
14 194 10
14 195 10
14 196 10
14 197 10
14 198 10
14 199 10
14 200 10
14 201 10
14 202 10
14 203 10
14 204 10
14 205 10
14 206 10
14 207 10
14 208 10
14 209 10
14 210 10
14 211 10
14 212 10
14 213 10
14 214 10
14 215 10
14 216 10
14 217 10
14 218 10
14 219 10
14 220 10
14 221 10
14 222 10
14 223 10
14 224 10
14 225 10
14 226 10
14 227 10
14 228 10
14 229 10
14 230 10
14 231 10
14 232 10
14 233 10
14 234 10
14 235 10
14 236 10
14 237 10
14 238 10
14 239 10
14 240 10
14 241 10
14 242 10
14 243 10
14 244 10
14 245 10
14 246 10
14 247 10
14 248 10
14 249 10
14 250 10
14 251 10
14 252 10
14 253 10
14 254 10
14 255 10
14 256 10
14 257 10
14 258 10
14 259 10
14 260 10
14 261 10
14 262 10
14 263 10
14 264 10
14 265 10
14 266 10
14 267 10
14 268 10
14 269 10
14 270 10
14 271 10
14 272 10
14 273 10
14 274 10
14 275 10
14 276 10
14 277 10
14 278 10
14 279 10
14 280 10
14 281 10
14 282 10
14 283 10
14 284 10
14 285 10
14 286 10
14 287 10
14 288 10
14 289 10
14 290 10
14 291 10
14 292 10
14 293 10
14 294 10
14 295 10
14 296 10
14 297 10
14 298 10
14 299 10
14 300 10
14 301 10
14 302 10
14 303 10
14 304 10
14 305 10
14 306 10
14 307 10
14 308 10
14 309 10
14 310 10
14 311 10
14 312 10
14 313 10
14 314 10
14 315 10
14 316 10
14 317 10
14 318 10
14 319 10
14 320 10
14 321 10
14 322 10
14 323 10
14 324 10
14 325 10
14 326 10
14 327 10
14 328 10
14 329 10
14 330 10
14 331 10
14 332 10
14 333 10
14 334 10
14 335 10
14 336 10
14 337 10
14 338 10
14 339 10
14 340 10
14 341 10
14 342 10
14 343 10
14 344 10
14 345 10
14 346 10
14 347 10
14 348 10
14 349 10
14 350 10
14 351 10
14 352 10
14 353 10
14 354 10
14 355 10
14 356 10
14 357 10
14 358 10
14 359 10
15 0 10
15 1 10
15 2 10
15 3 10
15 4 10
15 5 10
15 6 10
15 7 10
15 8 10
15 9 10
15 10 10
15 11 10
15 12 10
15 13 10
15 14 10
15 15 10
15 16 10
15 17 10
15 18 10
15 19 10
15 20 10
15 21 10
15 22 10
15 23 10
15 24 10
15 25 10
15 26 10
15 27 10
15 28 10
15 29 10
15 30 10
15 31 10
15 32 10
15 33 10
15 34 10
15 35 10
15 36 10
15 37 10
15 38 10
15 39 10
15 40 10
15 41 10
15 42 10
15 43 10
15 44 10
15 45 10
15 46 10
15 47 10
15 48 10
15 49 10
15 50 10
15 51 10
15 52 10
15 53 10
15 54 10
15 55 10
15 56 10
15 57 10
15 58 10
15 59 10
15 60 10
15 61 10
15 62 10
15 63 10
15 64 10
15 65 10
15 66 10
15 67 10
15 68 10
15 69 10
15 70 10
15 71 10
15 72 10
15 73 10
15 74 10
15 75 10
15 76 10
15 77 10
15 78 10
15 79 10
15 80 10
15 81 10
15 82 10
15 83 10
15 84 10
15 85 10
15 86 10
15 87 10
15 88 10
15 89 10
15 90 10
15 91 10
15 92 10
15 93 10
15 94 10
15 95 10
15 96 10
15 97 10
15 98 10
15 99 10
15 100 10
15 101 10
15 102 10
15 103 10
15 104 10
15 105 10
15 106 10
15 107 10
15 108 10
15 109 10
15 110 10
15 111 10
15 112 10
15 113 10
15 114 10
15 115 10
15 116 10
15 117 10
15 118 10
15 119 10
15 120 10
15 121 10
15 122 10
15 123 10
15 124 10
15 125 10
15 126 10
15 127 10
15 128 10
15 129 10
15 130 10
15 131 10
15 132 10
15 133 10
15 134 10
15 135 10
15 136 10
15 137 10
15 138 10
15 139 10
15 140 10
15 141 10
15 142 10
15 143 10
15 144 10
15 145 10
15 146 10
15 147 10
15 148 10
15 149 10
15 150 10
15 151 10
15 152 10
15 153 10
15 154 10
15 155 10
15 156 10
15 157 10
15 158 10
15 159 10
15 160 10
15 161 10
15 162 10
15 163 10
15 164 10
15 165 10
15 166 10
15 167 10
15 168 10
15 169 10
15 170 10
15 171 10
15 172 10
15 173 10
15 174 10
15 175 10
15 176 10
15 177 10
15 178 10
15 179 10
15 180 10
15 181 10
15 182 10
15 183 10
15 184 10
15 185 10
15 186 10
15 187 10
15 188 10
15 189 10
15 190 10
15 191 10
15 192 10
15 193 10
15 194 10
15 195 10
15 196 10
15 197 10
15 198 10
15 199 10
15 200 10
15 201 10
15 202 10
15 203 10
15 204 10
15 205 10
15 206 10
15 207 10
15 208 10
15 209 10
15 210 10
15 211 10
15 212 10
15 213 10
15 214 10
15 215 10
15 216 10
15 217 10
15 218 10
15 219 10
15 220 10
15 221 10
15 222 10
15 223 10
15 224 10
15 225 10
15 226 10
15 227 10
15 228 10
15 229 10
15 230 10
15 231 10
15 232 10
15 233 10
15 234 10
15 235 10
15 236 10
15 237 10
15 238 10
15 239 10
15 240 10
15 241 10
15 242 10
15 243 10
15 244 10
15 245 -10
15 246 -10
15 247 -10
15 248 -10
15 249 -10
15 250 -10
15 251 -10
15 252 -10
15 253 -10
15 254 -10
15 255 -10
15 256 -10
15 257 -10
15 258 -10
15 259 -10
15 260 -10
15 261 -10
15 262 -10
15 263 -10
15 264 -10
15 265 -10
15 266 -10
15 267 -10
15 268 -10
15 269 -10
15 270 -10
15 271 -10
15 272 -10
15 273 -10
15 274 -10
15 275 10
15 276 10
15 277 10
15 278 10
15 279 10
15 280 10
15 281 10
15 282 10
15 283 10
15 284 10
15 285 10
15 286 10
15 287 10
15 288 10
15 289 10
15 290 10
15 291 10
15 292 10
15 293 10
15 294 10
15 295 10
15 296 10
15 297 10
15 298 10
15 299 10
15 300 10
15 301 10
15 302 10
15 303 10
15 304 10
15 305 10
15 306 10
15 307 10
15 308 10
15 309 10
15 310 10
15 311 10
15 312 10
15 313 10
15 314 10
15 315 10
15 316 10
15 317 10
15 318 10
15 319 10
15 320 10
15 321 10
15 322 10
15 323 10
15 324 10
15 325 10
15 326 10
15 327 10
15 328 10
15 329 10
15 330 10
15 331 10
15 332 10
15 333 10
15 334 10
15 335 10
15 336 10
15 337 10
15 338 10
15 339 10
15 340 10
15 341 10
15 342 10
15 343 10
15 344 10
15 345 10
15 346 10
15 347 10
15 348 10
15 349 10
15 350 10
15 351 10
15 352 10
15 353 10
15 354 10
15 355 10
15 356 10
15 357 10
15 358 10
15 359 10
16 0 10
16 1 10
16 2 10
16 3 10
16 4 10
16 5 10
16 6 10
16 7 10
16 8 10
16 9 10
16 10 10
16 11 10
16 12 10
16 13 10
16 14 10
16 15 10
16 16 10
16 17 10
16 18 10
16 19 10
16 20 10
16 21 10
16 22 10
16 23 10
16 24 10
16 25 10
16 26 10
16 27 10
16 28 10
16 29 10
16 30 10
16 31 10
16 32 10
16 33 10
16 34 10
16 35 10
16 36 10
16 37 10
16 38 10
16 39 10
16 40 10
16 41 10
16 42 10
16 43 10
16 44 10
16 45 10
16 46 10
16 47 10
16 48 10
16 49 10
16 50 10
16 51 10
16 52 10
16 53 10
16 54 10
16 55 10
16 56 10
16 57 10
16 58 10
16 59 10
16 60 10
16 61 10
16 62 10
16 63 10
16 64 10
16 65 10
16 66 10
16 67 10
16 68 10
16 69 10
16 70 10
16 71 10
16 72 10
16 73 10
16 74 10
16 75 10
16 76 10
16 77 10
16 78 10
16 79 10
16 80 10
16 81 10
16 82 10
16 83 10
16 84 10
16 85 10
16 86 10
16 87 10
16 88 10
16 89 10
16 90 10
16 91 10
16 92 10
16 93 10
16 94 10
16 95 10
16 96 10
16 97 10
16 98 10
16 99 10
16 100 10
16 101 10
16 102 10
16 103 10
16 104 10
16 105 10
16 106 10
16 107 10
16 108 10
16 109 10
16 110 10
16 111 10
16 112 10
16 113 10
16 114 10
16 115 10
16 116 10
16 117 10
16 118 10
16 119 10
16 120 10
16 121 10
16 122 10
16 123 10
16 124 10
16 125 10
16 126 10
16 127 10
16 128 10
16 129 10
16 130 10
16 131 10
16 132 10
16 133 10
16 134 10
16 135 10
16 136 10
16 137 10
16 138 10
16 139 10
16 140 10
16 141 10
16 142 10
16 143 10
16 144 10
16 145 10
16 146 10
16 147 10
16 148 10
16 149 10
16 150 10
16 151 10
16 152 10
16 153 10
16 154 10
16 155 10
16 156 10
16 157 10
16 158 10
16 159 10
16 160 10
16 161 10
16 162 10
16 163 10
16 164 10
16 165 10
16 166 10
16 167 10
16 168 10
16 169 10
16 170 10
16 171 10
16 172 10
16 173 10
16 174 10
16 175 10
16 176 10
16 177 10
16 178 10
16 179 10
16 180 10
16 181 10
16 182 10
16 183 10
16 184 10
16 185 10
16 186 10
16 187 10
16 188 10
16 189 10
16 190 10
16 191 10
16 192 10
16 193 10
16 194 10
16 195 10
16 196 10
16 197 10
16 198 10
16 199 10
16 200 10
16 201 10
16 202 10
16 203 10
16 204 10
16 205 10
16 206 10
16 207 10
16 208 10
16 209 10
16 210 10
16 211 10
16 212 10
16 213 10
16 214 10
16 215 10
16 216 10
16 217 10
16 218 10
16 219 10
16 220 10
16 221 10
16 222 10
16 223 10
16 224 10
16 225 10
16 226 10
16 227 10
16 228 10
16 229 10
16 230 10
16 231 10
16 232 10
16 233 10
16 234 10
16 235 10
16 236 10
16 237 10
16 238 10
16 239 10
16 240 10
16 241 10
16 242 10
16 243 10
16 244 10
16 245 10
16 246 10
16 247 10
16 248 10
16 249 10
16 250 10
16 251 10
16 252 10
16 253 10
16 254 10
16 255 10
16 256 10
16 257 10
16 258 10
16 259 10
16 260 10
16 261 10
16 262 10
16 263 10
16 264 10
16 265 10
16 266 10
16 267 10
16 268 10
16 269 10
16 270 10
16 271 10
16 272 10
16 273 10
16 274 10
16 275 10
16 276 10
16 277 10
16 278 10
16 279 10
16 280 10
16 281 10
16 282 10
16 283 10
16 284 10
16 285 10
16 286 10
16 287 10
16 288 10
16 289 10
16 290 10
16 291 10
16 292 10
16 293 10
16 294 10
16 295 10
16 296 10
16 297 10
16 298 10
16 299 10
16 300 10
16 301 10
16 302 10
16 303 10
16 304 10
16 305 10
16 306 10
16 307 10
16 308 10
16 309 10
16 310 10
16 311 10
16 312 10
16 313 10
16 314 10
16 315 10
16 316 10
16 317 10
16 318 10
16 319 10
16 320 10
16 321 10
16 322 10
16 323 10
16 324 10
16 325 10
16 326 10
16 327 10
16 328 10
16 329 10
16 330 10
16 331 10
16 332 10
16 333 10
16 334 10
16 335 10
16 336 10
16 337 10
16 338 10
16 339 10
16 340 10
16 341 10
16 342 10
16 343 10
16 344 10
16 345 10
16 346 10
16 347 10
16 348 10
16 349 10
16 350 10
16 351 10
16 352 10
16 353 10
16 354 10
16 355 10
16 356 10
16 357 10
16 358 10
16 359 10
17 0 10
17 1 10
17 2 10
17 3 10
17 4 10
17 5 10
17 6 10
17 7 10
17 8 10
17 9 10
17 10 10
17 11 10
17 12 10
17 13 10
17 14 10
17 15 10
17 16 10
17 17 10
17 18 10
17 19 10
17 20 10
17 21 10
17 22 10
17 23 10
17 24 10
17 25 10
17 26 10
17 27 10
17 28 10
17 29 10
17 30 10
17 31 10
17 32 10
17 33 10
17 34 10
17 35 10
17 36 10
17 37 10
17 38 10
17 39 10
17 40 10
17 41 10
17 42 10
17 43 10
17 44 10
17 45 10
17 46 10
17 47 10
17 48 10
17 49 10
17 50 10
17 51 10
17 52 10
17 53 10
17 54 10
17 55 10
17 56 10
17 57 10
17 58 10
17 59 10
17 60 10
17 61 10
17 62 10
17 63 10
17 64 10
17 65 10
17 66 10
17 67 10
17 68 10
17 69 10
17 70 10
17 71 10
17 72 10
17 73 10
17 74 10
17 75 10
17 76 10
17 77 10
17 78 10
17 79 10
17 80 10
17 81 10
17 82 10
17 83 10
17 84 10
17 85 10
17 86 10
17 87 10
17 88 10
17 89 10
17 90 10
17 91 10
17 92 10
17 93 10
17 94 10
17 95 10
17 96 10
17 97 10
17 98 10
17 99 10
17 100 10
17 101 10
17 102 10
17 103 10
17 104 10
17 105 10
17 106 10
17 107 10
17 108 10
17 109 10
17 110 10
17 111 10
17 112 10
17 113 10
17 114 10
17 115 10
17 116 10
17 117 10
17 118 10
17 119 10
17 120 10
17 121 10
17 122 10
17 123 10
17 124 10
17 125 10
17 126 10
17 127 10
17 128 10
17 129 10
17 130 10
17 131 10
17 132 10
17 133 10
17 134 10
17 135 10
17 136 10
17 137 10
17 138 10
17 139 10
17 140 10
17 141 10
17 142 10
17 143 10
17 144 10
17 145 10
17 146 10
17 147 10
17 148 10
17 149 10
17 150 10
17 151 10
17 152 10
17 153 10
17 154 10
17 155 10
17 156 10
17 157 10
17 158 10
17 159 10
17 160 10
17 161 10
17 162 10
17 163 10
17 164 10
17 165 10
17 166 10
17 167 10
17 168 10
17 169 10
17 170 10
17 171 10
17 172 10
17 173 10
17 174 10
17 175 10
17 176 10
17 177 10
17 178 10
17 179 10
17 180 10
17 181 10
17 182 10
17 183 10
17 184 10
17 185 10
17 186 10
17 187 10
17 188 10
17 189 10
17 190 10
17 191 10
17 192 10
17 193 10
17 194 10
17 195 10
17 196 10
17 197 10
17 198 10
17 199 10
17 200 10
17 201 10
17 202 10
17 203 10
17 204 10
17 205 10
17 206 10
17 207 10
17 208 10
17 209 10
17 210 10
17 211 10
17 212 10
17 213 10
17 214 10
17 215 10
17 216 10
17 217 10
17 218 10
17 219 10
17 220 10
17 221 10
17 222 10
17 223 10
17 224 10
17 225 10
17 226 10
17 227 10
17 228 10
17 229 10
17 230 10
17 231 10
17 232 10
17 233 10
17 234 10
17 235 10
17 236 10
17 237 10
17 238 10
17 239 10
17 240 10
17 241 10
17 242 10
17 243 10
17 244 10
17 245 10
17 246 10
17 247 10
17 248 10
17 249 10
17 250 10
17 251 10
17 252 10
17 253 10
17 254 10
17 255 10
17 256 10
17 257 10
17 258 10
17 259 10
17 260 10
17 261 10
17 262 10
17 263 10
17 264 10
17 265 10
17 266 10
17 267 10
17 268 10
17 269 10
17 270 10
17 271 10
17 272 10
17 273 10
17 274 10
17 275 10
17 276 10
17 277 10
17 278 10
17 279 10
17 280 10
17 281 10
17 282 10
17 283 10
17 284 10
17 285 10
17 286 10
17 287 10
17 288 10
17 289 10
17 290 10
17 291 10
17 292 10
17 293 10
17 294 10
17 295 10
17 296 10
17 297 10
17 298 10
17 299 10
17 300 10
17 301 10
17 302 10
17 303 10
17 304 10
17 305 10
17 306 10
17 307 10
17 308 10
17 309 10
17 310 10
17 311 10
17 312 10
17 313 10
17 314 10
17 315 10
17 316 10
17 317 10
17 318 10
17 319 10
17 320 10
17 321 10
17 322 10
17 323 10
17 324 10
17 325 10
17 326 10
17 327 10
17 328 10
17 329 10
17 330 10
17 331 10
17 332 10
17 333 10
17 334 10
17 335 10
17 336 10
17 337 10
17 338 10
17 339 10
17 340 10
17 341 10
17 342 10
17 343 10
17 344 10
17 345 10
17 346 10
17 347 10
17 348 10
17 349 10
17 350 10
17 351 10
17 352 10
17 353 10
17 354 10
17 355 10
17 356 10
17 357 10
17 358 10
17 359 10
18 0 10
18 1 10
18 2 10
18 3 10
18 4 10
18 5 10
18 6 10
18 7 10
18 8 10
18 9 10
18 10 10
18 11 10
18 12 10
18 13 10
18 14 10
18 15 10
18 16 10
18 17 10
18 18 10
18 19 10
18 20 10
18 21 10
18 22 10
18 23 10
18 24 10
18 25 10
18 26 10
18 27 10
18 28 10
18 29 10
18 30 10
18 31 10
18 32 10
18 33 10
18 34 10
18 35 10
18 36 10
18 37 10
18 38 10
18 39 10
18 40 10
18 41 10
18 42 10
18 43 10
18 44 10
18 45 10
18 46 10
18 47 10
18 48 10
18 49 10
18 50 10
18 51 10
18 52 10
18 53 10
18 54 10
18 55 10
18 56 10
18 57 10
18 58 10
18 59 10
18 60 10
18 61 10
18 62 10
18 63 10
18 64 10
18 65 10
18 66 10
18 67 10
18 68 10
18 69 10
18 70 10
18 71 10
18 72 10
18 73 10
18 74 10
18 75 10
18 76 10
18 77 10
18 78 10
18 79 10
18 80 10
18 81 10
18 82 10
18 83 10
18 84 10
18 85 10
18 86 10
18 87 10
18 88 10
18 89 10
18 90 10
18 91 10
18 92 10
18 93 10
18 94 10
18 95 10
18 96 10
18 97 10
18 98 10
18 99 10
18 100 10
18 101 10
18 102 10
18 103 10
18 104 10
18 105 10
18 106 10
18 107 10
18 108 10
18 109 10
18 110 10
18 111 10
18 112 10
18 113 10
18 114 10
18 115 10
18 116 10
18 117 10
18 118 10
18 119 10
18 120 10
18 121 10
18 122 10
18 123 10
18 124 10
18 125 10
18 126 10
18 127 10
18 128 10
18 129 10
18 130 10
18 131 10
18 132 10
18 133 10
18 134 10
18 135 10
18 136 10
18 137 -1
18 138 10
18 139 10
18 140 10
18 141 10
18 142 10
18 143 10
18 144 10
18 145 10
18 146 10
18 147 10
18 148 10
18 149 10
18 150 10
18 151 10
18 152 10
18 153 10
18 154 10
18 155 10
18 156 10
18 157 10
18 158 10
18 159 10
18 160 10
18 161 10
18 162 10
18 163 10
18 164 10
18 165 10
18 166 10
18 167 10
18 168 10
18 169 10
18 170 10
18 171 10
18 172 10
18 173 10
18 174 10
18 175 10
18 176 10
18 177 10
18 178 10
18 179 10
18 180 10
18 181 10
18 182 10
18 183 10
18 184 10
18 185 10
18 186 10
18 187 10
18 188 10
18 189 10
18 190 10
18 191 10
18 192 10
18 193 10
18 194 10
18 195 10
18 196 10
18 197 10
18 198 10
18 199 10
18 200 10
18 201 10
18 202 10
18 203 10
18 204 10
18 205 10
18 206 10
18 207 10
18 208 10
18 209 10
18 210 10
18 211 10
18 212 10
18 213 10
18 214 10
18 215 10
18 216 10
18 217 10
18 218 10
18 219 10
18 220 10
18 221 10
18 222 10
18 223 10
18 224 10
18 225 10
18 226 10
18 227 10
18 228 10
18 229 10
18 230 10
18 231 10
18 232 10
18 233 10
18 234 10
18 235 10
18 236 10
18 237 10
18 238 10
18 239 10
18 240 10
18 241 10
18 242 10
18 243 10
18 244 10
18 245 10
18 246 10
18 247 10
18 248 10
18 249 10
18 250 10
18 251 10
18 252 10
18 253 10
18 254 10
18 255 10
18 256 10
18 257 10
18 258 10
18 259 10
18 260 10
18 261 10
18 262 10
18 263 10
18 264 10
18 265 10
18 266 10
18 267 10
18 268 10
18 269 10
18 270 10
18 271 10
18 272 10
18 273 10
18 274 10
18 275 10
18 276 10
18 277 10
18 278 10
18 279 10
18 280 10
18 281 10
18 282 10
18 283 10
18 284 10
18 285 10
18 286 10
18 287 10
18 288 10
18 289 10
18 290 10
18 291 10
18 292 10
18 293 10
18 294 10
18 295 10
18 296 10
18 297 10
18 298 10
18 299 10
18 300 10
18 301 10
18 302 10
18 303 10
18 304 10
18 305 10
18 306 10
18 307 10
18 308 10
18 309 10
18 310 10
18 311 10
18 312 10
18 313 10
18 314 10
18 315 10
18 316 10
18 317 10
18 318 10
18 319 10
18 320 10
18 321 10
18 322 10
18 323 10
18 324 10
18 325 10
18 326 10
18 327 10
18 328 10
18 329 10
18 330 10
18 331 10
18 332 10
18 333 10
18 334 10
18 335 10
18 336 10
18 337 10
18 338 10
18 339 10
18 340 10
18 341 10
18 342 10
18 343 10
18 344 10
18 345 10
18 346 10
18 347 10
18 348 10
18 349 10
18 350 10
18 351 10
18 352 10
18 353 10
18 354 10
18 355 10
18 356 10
18 357 10
18 358 10
18 359 10
19 0 10
19 1 10
19 2 10
19 3 10
19 4 10
19 5 10
19 6 10
19 7 10
19 8 10
19 9 10
19 10 10
19 11 10
19 12 10
19 13 10
19 14 10
19 15 10
19 16 10
19 17 10
19 18 10
19 19 10
19 20 10
19 21 10
19 22 10
19 23 10
19 24 10
19 25 10
19 26 10
19 27 10
19 28 10
19 29 10
19 30 10
19 31 10
19 32 10
19 33 10
19 34 10
19 35 10
19 36 10
19 37 10
19 38 10
19 39 10
19 40 10
19 41 10
19 42 10
19 43 10
19 44 10
19 45 10
19 46 10
19 47 10
19 48 10
19 49 10
19 50 10
19 51 10
19 52 10
19 53 10
19 54 10
19 55 10
19 56 10
19 57 10
19 58 10
19 59 10
19 60 10
19 61 10
19 62 10
19 63 10
19 64 10
19 65 10
19 66 10
19 67 10
19 68 10
19 69 10
19 70 10
19 71 10
19 72 10
19 73 10
19 74 10
19 75 10
19 76 10
19 77 10
19 78 10
19 79 10
19 80 10
19 81 10
19 82 10
19 83 10
19 84 10
19 85 10
19 86 10
19 87 10
19 88 10
19 89 10
19 90 10
19 91 10
19 92 10
19 93 10
19 94 10
19 95 10
19 96 10
19 97 10
19 98 10
19 99 10
19 100 10
19 101 10
19 102 10
19 103 10
19 104 10
19 105 10
19 106 10
19 107 10
19 108 10
19 109 10
19 110 10
19 111 10
19 112 10
19 113 10
19 114 10
19 115 10
19 116 10
19 117 10
19 118 10
19 119 10
19 120 10
19 121 10
19 122 10
19 123 10
19 124 10
19 125 10
19 126 10
19 127 10
19 128 10
19 129 10
19 130 10
19 131 10
19 132 10
19 133 10
19 134 10
19 135 10
19 136 10
19 137 10
19 138 10
19 139 10
19 140 10
19 141 10
19 142 10
19 143 10
19 144 10
19 145 10
19 146 10
19 147 10
19 148 10
19 149 10
19 150 10
19 151 10
19 152 10
19 153 10
19 154 10
19 155 10
19 156 10
19 157 10
19 158 10
19 159 10
19 160 10
19 161 10
19 162 10
19 163 10
19 164 10
19 165 10
19 166 10
19 167 10
19 168 10
19 169 10
19 170 10
19 171 10
19 172 10
19 173 10
19 174 10
19 175 10
19 176 10
19 177 10
19 178 10
19 179 10
19 180 10
19 181 10
19 182 10
19 183 10
19 184 10
19 185 10
19 186 10
19 187 10
19 188 10
19 189 10
19 190 10
19 191 10
19 192 10
19 193 10
19 194 10
19 195 10
19 196 10
19 197 10
19 198 10
19 199 10
19 200 10
19 201 10
19 202 10
19 203 10
19 204 10
19 205 10
19 206 10
19 207 10
19 208 10
19 209 10
19 210 10
19 211 10
19 212 10
19 213 10
19 214 10
19 215 10
19 216 10
19 217 10
19 218 10
19 219 10
19 220 10
19 221 10
19 222 10
19 223 10
19 224 10
19 225 10
19 226 10
19 227 10
19 228 10
19 229 10
19 230 10
19 231 10
19 232 10
19 233 10
19 234 10
19 235 10
19 236 10
19 237 10
19 238 10
19 239 10
19 240 10
19 241 10
19 242 10
19 243 10
19 244 10
19 245 10
19 246 10
19 247 10
19 248 10
19 249 10
19 250 10
19 251 10
19 252 10
19 253 10
19 254 10
19 255 10
19 256 10
19 257 10
19 258 10
19 259 10
19 260 10
19 261 10
19 262 10
19 263 10
19 264 10
19 265 10
19 266 10
19 267 10
19 268 10
19 269 10
19 270 10
19 271 10
19 272 10
19 273 10
19 274 10
19 275 10
19 276 10
19 277 10
19 278 10
19 279 10
19 280 10
19 281 10
19 282 10
19 283 10
19 284 10
19 285 10
19 286 10
19 287 10
19 288 10
19 289 10
19 290 10
19 291 10
19 292 10
19 293 10
19 294 10
19 295 10
19 296 10
19 297 10
19 298 10
19 299 10
19 300 10
19 301 10
19 302 10
19 303 10
19 304 10
19 305 10
19 306 10
19 307 10
19 308 10
19 309 10
19 310 10
19 311 10
19 312 10
19 313 10
19 314 10
19 315 10
19 316 10
19 317 10
19 318 10
19 319 10
19 320 10
19 321 10
19 322 10
19 323 10
19 324 10
19 325 10
19 326 10
19 327 10
19 328 10
19 329 10
19 330 10
19 331 10
19 332 -1
19 333 10
19 334 10
19 335 10
19 336 10
19 337 10
19 338 10
19 339 10
19 340 10
19 341 10
19 342 10
19 343 10
19 344 10
19 345 10
19 346 10
19 347 10
19 348 10
19 349 10
19 350 10
19 351 10
19 352 10
19 353 10
19 354 10
19 355 10
19 356 10
19 357 10
19 358 10
19 359 10
